1.187939777618227311e+01
1.188195763554569062e+01
1.188210902501065291e+01
1.187884866861851840e+01
1.187584793081847678e+01
1.185952319236912267e+01
1.181855564963482408e+01
1.180378510524271363e+01
1.177158577899714409e+01
1.174661669053877411e+01
1.178883221974936468e+01
1.179140073354022888e+01
1.180596498120681481e+01
1.184673166477922912e+01
1.184638485414862785e+01
1.184146685988203807e+01
1.186277437378814525e+01
1.185295838003215607e+01
1.186495939782286868e+01
1.186693209321119191e+01
1.186752567915270795e+01
1.187084015170167994e+01
1.187321182190942537e+01
1.187158034076565727e+01
1.186808233705668059e+01
1.186153408320093838e+01
1.186785400157429216e+01
1.186588080361411102e+01
1.185837823756216025e+01
1.185818605195785302e+01
1.186445592582586883e+01
1.185680806431925838e+01
1.186857651826402460e+01
1.186849233302233309e+01
1.186762522664835728e+01
1.187286178614482779e+01
1.187387129569903976e+01
1.187414319256548367e+01
1.187130923035016927e+01
1.187631038097862834e+01
1.187349886155105239e+01
1.186855545259240330e+01
1.186578888856191405e+01
1.186384988894227455e+01
1.186283885116754355e+01
1.185773503204104173e+01
1.185740897090502344e+01
1.184539607024297503e+01
1.183107118797237867e+01
1.183154417440939632e+01
1.183995750020875448e+01
1.183752149440945267e+01
1.182308821441306534e+01
1.182652310413746832e+01
1.182152678857026551e+01
1.182011437543162558e+01
1.180957728115254213e+01
1.181400688302631607e+01
1.182392886264576148e+01
1.181646723735826399e+01
1.182315703581646815e+01
1.183117702455609432e+01
1.182411865411879326e+01
1.182598789129967720e+01
1.185076573459503635e+01
1.182401022295550064e+01
1.185355219822243633e+01
1.185185888696503476e+01
1.184783226120220689e+01
1.184423126215981803e+01
1.185569275769153919e+01
1.185956565907524229e+01
1.185172027894412139e+01
1.186042099645731795e+01
1.185415246316510540e+01
1.185008699418587774e+01
1.186007876049811394e+01
1.186460485078875848e+01
1.186488198999505883e+01
1.186705932418950837e+01
1.186834733239176565e+01
1.185565173055226040e+01
1.186662387920291373e+01
1.186428323216513903e+01
1.185838538337979031e+01
1.185381398285843346e+01
1.185808767684642362e+01
1.185158393108951103e+01
1.185073709878917292e+01
1.184675634428663393e+01
1.184483178971414752e+01
1.184393536273261383e+01
1.184122158416648674e+01
1.183365862440657956e+01
1.183397195562293902e+01
1.182987983399528353e+01
1.182915740616669531e+01
1.182364249477230622e+01
1.183257541854534445e+01
1.182644528243802462e+01
1.182049634612738309e+01
1.183625660205991537e+01
1.184284875364162559e+01
1.184656961462296465e+01
1.183485440616549589e+01
1.183282135885258057e+01
1.184863230820952040e+01
1.184760174632871710e+01
1.184051425816188186e+01
1.185271537602551462e+01
1.184458032791431314e+01
1.186075126219676079e+01
1.186107276703595659e+01
1.186049592693050059e+01
1.185950614787027213e+01
1.186603674664591956e+01
1.185553613226030123e+01
1.185583070378337212e+01
1.185868948850562354e+01
1.185435587502634824e+01
1.184330202201039128e+01
1.185963395381824270e+01
1.185888117194583025e+01
1.184977695770503914e+01
1.186061128503133233e+01
1.185248003927959459e+01
1.185261953793791712e+01
1.185082379712599376e+01
1.185245266452798418e+01
1.183799197788941449e+01
1.184370761129097893e+01
1.184599765934739324e+01
1.183878407151266998e+01
1.183664241346684598e+01
1.184157067490047055e+01
1.183911629202229143e+01
1.183949936823827542e+01
1.184554589046787498e+01
1.183128273413136888e+01
1.183116388801009577e+01
1.183916726364697425e+01
1.183338950007800960e+01
1.184046896586216668e+01
1.182873290475045636e+01
1.183752113281168938e+01
1.182991196254772959e+01
1.183742843083072671e+01
1.182855511561231943e+01
1.183631723543250658e+01
1.184851839188589295e+01
1.184147398300854270e+01
1.183531244961407580e+01
1.184393188002489339e+01
1.184184241979920671e+01
1.184627220102194656e+01
1.184812470815823993e+01
1.184910252072696224e+01
1.185605128536792208e+01
1.185301813178268127e+01
1.184857020144288597e+01
1.184730325113351412e+01
1.185509597788948710e+01
1.185126383751640944e+01
1.185272263643502910e+01
1.184597139845047309e+01
1.185628313256402855e+01
1.184202143326793610e+01
1.185133829495505786e+01
1.185333953185029365e+01
1.184872953761232317e+01
1.185031964270062232e+01
1.184957712825671017e+01
1.184866302823419559e+01
1.184353577973409699e+01
1.184270348611582691e+01
1.184615770700052551e+01
1.184344008111453306e+01
1.183833270382552527e+01
1.183976859046342689e+01
1.182549147672719059e+01
1.182688086670902550e+01
1.183051808891038803e+01
1.182551288291777070e+01
1.182317879063125332e+01
1.182161599860764234e+01
1.183496387896708946e+01
1.182626546273748502e+01
1.183933731615046625e+01
1.183877882397255021e+01
1.183727513937987474e+01
1.182473111561665036e+01
1.183099941402376665e+01
1.183984686637178996e+01
1.184646230179867388e+01
1.183342681911864069e+01
1.183096263886248245e+01
1.183589766398108445e+01
1.184211631560399525e+01
1.182593944740484382e+01
1.183672387530636350e+01
1.185202600847338061e+01
1.185178728382879143e+01
1.185187345697525529e+01
1.185849600829175721e+01
1.185431355240220164e+01
1.184254146287090848e+01
1.183811634656999701e+01
1.184426887812618645e+01
1.185336463026807152e+01
1.185337549609490537e+01
1.185561340878819436e+01
1.185050294534615034e+01
1.184278205859519773e+01
1.185268452310064369e+01
1.185219689278291888e+01
1.185002539650036546e+01
1.185657528496519042e+01
1.185802090235696937e+01
1.183517513042098201e+01
1.185414240797999241e+01
1.185380762084450090e+01
1.184942861703177641e+01
1.184725942118939201e+01
1.184674765303372546e+01
1.184363546403007916e+01
1.183658045140315451e+01
1.183552909671818121e+01
1.183583635480995611e+01
1.183571767971803013e+01
1.183570419980975430e+01
1.183094429363566036e+01
1.183534304727715813e+01
1.183005861802442382e+01
1.184088975803643784e+01
1.183064873107920789e+01
1.184577984464490008e+01
1.183472285683432190e+01
1.183524709543555531e+01
1.183751662856239584e+01
1.183582938510568638e+01
1.183267444097873522e+01
1.183797244910412161e+01
1.183665786697131139e+01
1.182773736191197500e+01
1.182942457898369248e+01
1.183608845209344551e+01
1.182306469937572935e+01
1.182735683396185067e+01
1.183030971047107371e+01
1.182904406798983388e+01
1.181926103417971063e+01
1.182849409307195110e+01
1.184896572418036342e+01
1.184771706710631811e+01
1.185379202796401543e+01
1.184700168665036379e+01
1.185572668316221545e+01
1.183832948744149505e+01
1.184242361329596172e+01
1.184626885893294457e+01
1.184850156576993285e+01
1.183596885514243624e+01
1.184970535216974419e+01
1.184606712832422737e+01
1.185228203383556256e+01
1.184898971392553690e+01
1.185325502368707085e+01
1.184204780465200457e+01
1.185411498383473727e+01
1.184899847961666275e+01
1.184516136943810949e+01
1.184954742126412697e+01
1.184114499213645999e+01
1.184391791603039401e+01
1.184302609727351374e+01
1.183900038694082468e+01
1.183782198354347770e+01
1.183676485653571220e+01
1.182414676985582247e+01
1.183587594335448756e+01
1.183152792135980746e+01
1.183103403958119770e+01
1.184005037053887754e+01
1.183747797164953219e+01
1.182417543751687994e+01
1.183702118839520168e+01
1.183861211638723532e+01
1.182205181220559354e+01
1.184067285971653405e+01
1.183510911177646641e+01
1.181630465029092214e+01
1.182566101076897525e+01
1.182671830865807294e+01
1.183313745984290932e+01
1.183079116206544867e+01
1.182586381030411893e+01
1.182420383365388616e+01
1.182529658655483118e+01
1.182548974738351788e+01
1.183545648944831008e+01
1.183625024422726923e+01
1.183344433037649068e+01
1.183303849193611867e+01
1.183618380586657359e+01
1.183738815015114021e+01
1.182617802534158358e+01
1.182184274504438015e+01
1.183704233662703587e+01
1.183144596742516441e+01
1.183327447391400256e+01
1.183398458530480646e+01
1.185606223920661506e+01
1.185746401701606167e+01
1.185405606418317248e+01
1.185079732616349624e+01
1.185018401249229214e+01
1.184549120517030474e+01
1.184802841091666714e+01
1.185258208967690585e+01
1.183654476665210353e+01
1.183488944585705127e+01
1.184259698002138705e+01
1.184029974915673300e+01
1.183175080646888233e+01
1.184202281956397584e+01
1.185273778923252230e+01
1.184817095877180826e+01
1.184098213193574978e+01
1.184361980014153204e+01
1.185391686869046346e+01
1.184876979672217345e+01
1.184614420150823655e+01
1.184242408104874045e+01
1.182888365445089285e+01
1.183245378543169224e+01
1.183302949666043169e+01
1.184067917902942568e+01
1.183974206864836809e+01
1.182984701091094060e+01
1.182985461788056902e+01
1.182606779988423007e+01
1.182547046267304758e+01
1.182322252232658144e+01
1.181049315060772464e+01
1.181998824674338522e+01
1.183167396404271088e+01
1.183049590052231714e+01
1.181807607924743664e+01
1.182842509191261193e+01
1.180749647163381866e+01
1.180018130341380989e+01
1.181578511366319262e+01
1.183986347901801039e+01
1.183078873177432122e+01
1.185353619511856138e+01
1.184720849358319938e+01
1.183693741750513517e+01
1.184124611526859105e+01
1.182867120184892507e+01
1.183861834267294455e+01
1.182541032967568384e+01
1.183262495193086927e+01
1.182466755719502949e+01
1.182645585895957652e+01
1.181945026138412302e+01
1.181612420065439473e+01
1.182534640041168394e+01
1.182476743405417530e+01
1.184637785128795073e+01
1.184327368995306173e+01
1.184569234918729563e+01
1.184410177719706780e+01
1.183830573692595323e+01
1.183993566232135919e+01
1.184066211716802997e+01
1.183231622723252841e+01
1.185809141013867141e+01
1.184893281261937403e+01
1.184533848349674123e+01
1.184380926799869016e+01
1.184421730161527009e+01
1.184794948300749340e+01
1.184695336643255814e+01
1.185224422486349027e+01
1.185011963826858050e+01
1.184726129430608310e+01
1.182781998997869977e+01
1.184350887736958668e+01
1.184875876812617079e+01
1.183958857836283229e+01
1.183570475379659648e+01
1.183835177101027192e+01
1.183554814957895829e+01
1.182988484077290536e+01
1.183821396107137858e+01
1.183137958572973680e+01
1.183973595815192148e+01
1.183802329398187325e+01
1.182306076123679262e+01
1.182812390872173580e+01
1.183203481636944687e+01
1.182735383679747798e+01
1.181578370405589773e+01
1.181904386157065900e+01
1.182309075202488735e+01
1.182083644094570474e+01
1.181342426599606554e+01
1.181951605699310193e+01
1.183967062520248703e+01
1.181769489632333503e+01
1.182663718845999590e+01
1.182479663300955330e+01
1.184133703244555491e+01
1.185559643771326677e+01
1.184767834918181606e+01
1.184174195147869568e+01
1.184449336487069360e+01
1.183420794650063890e+01
1.183732528174189369e+01
1.183067920591527056e+01
1.181981711718296779e+01
1.182768326970105122e+01
1.180702032008501057e+01
1.183727039083290045e+01
1.184054757754569742e+01
1.182855503103585093e+01
1.182390847481036467e+01
1.182928473015975968e+01
1.184263305289537804e+01
1.184062944053686905e+01
1.183808007788519134e+01
1.185099817896106167e+01
1.184631943056334258e+01
1.184134736047368364e+01
1.184073608405812372e+01
1.184422385434539216e+01
1.183568528803102282e+01
1.183828704876742677e+01
1.184454418816133803e+01
1.184940444651863167e+01
1.184649227356612045e+01
1.185195453076607741e+01
1.185677462458683351e+01
1.186150953179094891e+01
1.185507817466075409e+01
1.185510103635738410e+01
1.185485724565363341e+01
1.184582277996194044e+01
1.184156771367670835e+01
1.183462761924605111e+01
1.183040955397578742e+01
1.183913802102520663e+01
1.182789518595827971e+01
1.183548874699500253e+01
1.182177536017156960e+01
1.183863053147998201e+01
1.182947196782703081e+01
1.183855925940262743e+01
1.183698097840678898e+01
1.183646734914082721e+01
1.180532882083557311e+01
1.182756969978410666e+01
1.182675223621358995e+01
1.181664172227627319e+01
1.182593837066886522e+01
1.182395536175792117e+01
1.182830199602304333e+01
1.182431145043660692e+01
1.182518534389894960e+01
1.183687615988199937e+01
1.182825123720339811e+01
1.183879801837573709e+01
1.182816467084496814e+01
1.183541885674492811e+01
1.184552629498722709e+01
1.183896101282626034e+01
1.183573215605622764e+01
1.182415579101582992e+01
1.181311124891446163e+01
1.181937043179090097e+01
1.182082027259592216e+01
1.182983495135113827e+01
1.181649760104044766e+01
1.181588482779912397e+01
1.181104891853832761e+01
1.181810846271860704e+01
1.183359884160652697e+01
1.181684792293287245e+01
1.183109471207587227e+01
1.183384594902580389e+01
1.184053373507616946e+01
1.183812193644838473e+01
1.183813391642640411e+01
1.184314690817743632e+01
1.182522279893334449e+01
1.183321676100671915e+01
1.183334946653680575e+01
1.183185746194771859e+01
1.184656233715743667e+01
1.184850543639033837e+01
1.185709064689323000e+01
1.185013169232828645e+01
1.185493053048759649e+01
1.185989186056045064e+01
1.185426907828800758e+01
1.185486101867134678e+01
1.183999545661938768e+01
1.185024196765594162e+01
1.184079602560885824e+01
1.183007263288493327e+01
1.181915748609671013e+01
1.182794110666683629e+01
1.183245336873434894e+01
1.182971438249098028e+01
1.182555357712745092e+01
1.182947102859464117e+01
1.183727810448905338e+01
1.181952820043366259e+01
1.183977302204937665e+01
1.181338657231952105e+01
1.183191856651813367e+01
1.182984589241927509e+01
1.183156182033637549e+01
1.183502721469261942e+01
1.182174302718249415e+01
1.182710142658414831e+01
1.181170144981207315e+01
1.180087831381887398e+01
1.182433809688783910e+01
1.181601411603224250e+01
1.181346329282541063e+01
1.183311138338520507e+01
1.182947865100995877e+01
1.182295920078750484e+01
1.183550939141239766e+01
1.184785751725735281e+01
1.184034407324387672e+01
1.184457666592627234e+01
1.182938539286564250e+01
1.182579652449701513e+01
1.184313734503545490e+01
1.183070916286594709e+01
1.184107900932143664e+01
1.182682950756034401e+01
1.183794695851372580e+01
1.182513892304219993e+01
1.182985712228873254e+01
1.181572575095570166e+01
1.181244525404562751e+01
1.182651829229992835e+01
1.182045291392022612e+01
1.179755805814273728e+01
1.183495973128066758e+01
1.182905594074929212e+01
1.182820803971421242e+01
1.182597881786477778e+01
1.182990805277684032e+01
1.181123361327069432e+01
1.182470746193935796e+01
1.182436586408459434e+01
1.182689166355289956e+01
1.182500360913447324e+01
1.183135342538736801e+01
1.182843945420089682e+01
1.183136064145767286e+01
1.183158282513050885e+01
1.184081385107816686e+01
1.183576886621299629e+01
1.182864080423848741e+01
1.183388540933862920e+01
1.182035527896845828e+01
1.183526652805491786e+01
1.182937811571102316e+01
1.183783682331739406e+01
1.183674288627849158e+01
1.183301875043333595e+01
1.182965431867895134e+01
1.182683013839256958e+01
1.182422565683567406e+01
1.179724025273497467e+01
1.180630819304985657e+01
1.181739335990575768e+01
1.181524458423396950e+01
1.181816829732056107e+01
1.183069191265581921e+01
1.184116137274028446e+01
1.181909756084504970e+01
1.181077834766246859e+01
1.183160521941071863e+01
1.184122818489814222e+01
1.183602901999560864e+01
1.183490208160459645e+01
1.183885850829605246e+01
1.181884263046486083e+01
1.182968093812778143e+01
1.182956865125204082e+01
1.182880780292514444e+01
1.181812191441252402e+01
1.181922014173226465e+01
1.181783980027552694e+01
1.183847537551155860e+01
1.181186052937297859e+01
1.182584595998560673e+01
1.182892143418285258e+01
1.184389481353809970e+01
1.183928684304100365e+01
1.183600071620035621e+01
1.183322179675618635e+01
1.183138039211813641e+01
1.183140518258333529e+01
1.183482882587139606e+01
1.183725084385603843e+01
1.182267638492990791e+01
1.182056128797458783e+01
1.182585795050806610e+01
1.180442689909306964e+01
1.180236875664952834e+01
1.180884416600627240e+01
1.180979341476664679e+01
1.180665687550063936e+01
1.181098729824017468e+01
1.183422250339025439e+01
1.183266946415271192e+01
1.183339382883663760e+01
1.181250736950677371e+01
1.183515267629694634e+01
1.183500397113943059e+01
1.182571121264898295e+01
1.183772399778648676e+01
1.183150723921363223e+01
1.183217004470000333e+01
1.182905235044476555e+01
1.183002036246500843e+01
1.181581451520548676e+01
1.182482566232063448e+01
1.183610693942918068e+01
1.185050092512938491e+01
1.184853981678953261e+01
1.183349341944813204e+01
1.183734406230339076e+01
1.183940211754345562e+01
1.182406294228520238e+01
1.183185184203222740e+01
1.182131478629781718e+01
1.182718339528037532e+01
1.181975861880918011e+01
1.181398685294087159e+01
1.180990163334899989e+01
1.179823991793754701e+01
1.182179875414563242e+01
1.180376875934436320e+01
1.179517740328531161e+01
1.181303996728482808e+01
1.180972635791949799e+01
1.179122070690108082e+01
1.181080474590233997e+01
1.179792099305754149e+01
1.182358655849588658e+01
1.183843124211914244e+01
1.182823248165719576e+01
1.183568974093626380e+01
1.183159615877055160e+01
1.183768451835129731e+01
1.183812368895973854e+01
1.182875122305335580e+01
1.183243408725692802e+01
1.183587434101479374e+01
1.183536980865427068e+01
1.183768142913885768e+01
1.182639324421990068e+01
1.182959661420158426e+01
1.183469847424816024e+01
1.182265684616912793e+01
1.179973430901082665e+01
1.182217232143776364e+01
1.179825947838823730e+01
1.182229643685653464e+01
1.181806126683310865e+01
1.181604006295621012e+01
1.181359119277906977e+01
1.182005838209208903e+01
1.183553369928123011e+01
1.183511445652578331e+01
1.185362197907739912e+01
1.184319831265385581e+01
1.183940619811642136e+01
1.183141004447421096e+01
1.182634119659221561e+01
1.181866623380081016e+01
1.181482843970929331e+01
1.180044479028533999e+01
1.179960035350621261e+01
1.179712945654992851e+01
1.180186151697363428e+01
1.177915743917527358e+01
1.181194103924860883e+01
1.179435651646990380e+01
1.179630430107749994e+01
1.179037643998430163e+01
1.177385352964454768e+01
1.180024982299049974e+01
1.178396946128092182e+01
1.178163395584263462e+01
1.177849710755586621e+01
1.179938940550464821e+01
1.178238806151157547e+01
1.181638071795927658e+01
1.181703729852764440e+01
1.182599039888416215e+01
1.183007434443222650e+01
1.182207615805292811e+01
1.184087075287600932e+01
1.183408283266511951e+01
1.181388459671893720e+01
1.182317788616013488e+01
1.183363277466794905e+01
1.183381903325577156e+01
1.182202652582782321e+01
1.181843621998797822e+01
1.181128431201269535e+01
1.181028737431811138e+01
1.181374305042639250e+01
1.181371667993847119e+01
1.180822374165495603e+01
1.181632479105324585e+01
1.183132178175573657e+01
1.180798011570069050e+01
1.184378548182017354e+01
1.182120948520465653e+01
1.181086310442731779e+01
1.182430870467102757e+01
1.180468236323207520e+01
1.182715851856399070e+01
1.181968215626382346e+01
1.181680382858751344e+01
1.177819131239911421e+01
1.180560845996828512e+01
1.181704667433224643e+01
1.182063333647338510e+01
1.181623646964106200e+01
1.182137920702961154e+01
1.181387913460761752e+01
1.180558014019020874e+01
1.180174412938724515e+01
1.180117427420130127e+01
1.178618278289222587e+01
1.179592404387869031e+01
1.176868480412512419e+01
1.179312574792388268e+01
1.180226876705303241e+01
1.179768670932709540e+01
1.177323189905367506e+01
1.179138282353724954e+01
1.179682765080483975e+01
1.180781576428544888e+01
1.180374311216295524e+01
1.181654925444188109e+01
1.181708727925735580e+01
1.182492866600997239e+01
1.182142910964798155e+01
1.178061495617954613e+01
1.179759538971281430e+01
1.179574238201561620e+01
1.178287859547928917e+01
1.177954548378995980e+01
1.178958242644271692e+01
1.181893007344268831e+01
1.181499845425233097e+01
1.178303254817784484e+01
1.180408095533976898e+01
1.179460893833609347e+01
1.180120369882559750e+01
1.181420103432138191e+01
1.181942072661125920e+01
1.181641255093287768e+01
1.182466507822552870e+01
1.182319348421878580e+01
1.179793762548967173e+01
1.181296053007599411e+01
1.182227530499106294e+01
1.181259632927677927e+01
1.180578447852356661e+01
1.182132977777879645e+01
1.181723513237295720e+01
1.181036503533387716e+01
1.181977295910273895e+01
1.182728122970775075e+01
1.181258926147867427e+01
1.183782723474843479e+01
1.183948649713044965e+01
1.183866438875535110e+01
1.185188188624207228e+01
1.183703215555138044e+01
1.184200773911162052e+01
1.184380686253186710e+01
1.182768864091419481e+01
1.182978142736076599e+01
1.182034953673005262e+01
1.181822386906041622e+01
1.179333596231797898e+01
1.179598482974481399e+01
1.180283390153378242e+01
1.180809364738552247e+01
1.180064782140272506e+01
1.179665301811220424e+01
1.177088895130930624e+01
1.178896286655623626e+01
1.176109995969532740e+01
1.177127589946938890e+01
1.178125103358260262e+01
1.178415825895813995e+01
1.178042816280715677e+01
1.177672279996314231e+01
1.176910179803359213e+01
1.176614142347851377e+01
1.179499663311563395e+01
1.179411902177382032e+01
1.181018392533455419e+01
1.181298178152931122e+01
1.181711831516202693e+01
1.183703884068831513e+01
1.181086951143307218e+01
1.180434632639536474e+01
1.181218555127017744e+01
1.181551723292542988e+01
1.181598302504007592e+01
1.180585477039335807e+01
1.180104934860565713e+01
1.180496936399865504e+01
1.182244452540374624e+01
1.179117452045616510e+01
1.180849080249577554e+01
1.179105662477423877e+01
1.177379205422745301e+01
1.178178482922305825e+01
1.178659534649757035e+01
1.176459730048107133e+01
1.178478422495930644e+01
1.177633497535175522e+01
1.179546651599246943e+01
1.180689928902150321e+01
1.179422247979536920e+01
1.181437085659195141e+01
1.182133930777267139e+01
1.180085069887787341e+01
1.181650245852615910e+01
1.181090839885213661e+01
1.180521990041519409e+01
1.179733439346364499e+01
1.179342033320677885e+01
1.178690637170511302e+01
1.179017469384285377e+01
1.178398700532182986e+01
1.179216629048040943e+01
1.179099784370938941e+01
1.179904020684096722e+01
1.181683053913535986e+01
1.178728388572780617e+01
1.176574104928590536e+01
1.178807174350197151e+01
1.178544613300069699e+01
1.177113338821591526e+01
1.179927034541041841e+01
1.181723662358226790e+01
1.180235466211899187e+01
1.179595452691080837e+01
1.180161123500399079e+01
1.180314506102939198e+01
1.180455361962956751e+01
1.178649466129951762e+01
1.180323418297249916e+01
1.177288746458731694e+01
1.179020824236921072e+01
1.180147657593173705e+01
1.179615528794671597e+01
1.180899380301528190e+01
1.176999634650666060e+01
1.180163521533387794e+01
1.180773782347871403e+01
1.181992680265481788e+01
1.177244469873605404e+01
1.179660806714857557e+01
1.177561663818393001e+01
1.178072628677234590e+01
1.180848523133987626e+01
1.180796959241951782e+01
1.178837263153888948e+01
1.181248662018818685e+01
1.181860294088609287e+01
1.182614633518588576e+01
1.181513923150789402e+01
1.179173796011433950e+01
1.179052970506703701e+01
1.178090642187228809e+01
1.174935583782668580e+01
1.176851499691606939e+01
1.178879598204324708e+01
1.179908232393067635e+01
1.176011836190226489e+01
1.175238782578454710e+01
1.177524208748465639e+01
1.177027094315864097e+01
1.176931401874291083e+01
1.180146465415860746e+01
1.179479246392622471e+01
1.178643438777846697e+01
1.181122948292093078e+01
1.180768911379999864e+01
1.180026884211405758e+01
1.181731257536695345e+01
1.180796768003999908e+01
1.180102619652131679e+01
1.181944182960593537e+01
1.180293184646286164e+01
1.181915683841200959e+01
1.181372011259731636e+01
1.179251339053915970e+01
1.180741936095789413e+01
1.182042833511722080e+01
1.181695328948183388e+01
1.180174792473903267e+01
1.179738535814983180e+01
1.178133314866424008e+01
1.180235848138895349e+01
1.179127607917579112e+01
1.180266048634746845e+01
1.179381964524448989e+01
1.180945565660135799e+01
1.179231395527527404e+01
1.180962733022032118e+01
1.179751315113827204e+01
1.177471260772860262e+01
1.179560683878050931e+01
1.180473901585423846e+01
1.180159529653698591e+01
1.176625079536059992e+01
1.176273718617039421e+01
1.178305008761695127e+01
1.180410740377007883e+01
1.176313430429496343e+01
1.178955421483282962e+01
1.179677600709806384e+01
1.178472694647606289e+01
1.180424995880724026e+01
1.177734883483953254e+01
1.177407681025262676e+01
1.178413802889607886e+01
1.176737429646452782e+01
1.177822409947673066e+01
1.180778673002173385e+01
1.176572264013116431e+01
1.179266384044846916e+01
1.180898369251607427e+01
1.180715056806433694e+01
1.180200319483453164e+01
1.180919516273813130e+01
1.177961015921568055e+01
1.180533185354111225e+01
1.180062094190605215e+01
1.176808254470318005e+01
1.178992082244485218e+01
1.178427488235924514e+01
1.179184068125375617e+01
1.179631148832005749e+01
1.177065147738553641e+01
1.175058433438644201e+01
1.175553496697105160e+01
1.177924024522383029e+01
1.177171571094053704e+01
1.177571077238858877e+01
1.178113889822784444e+01
1.177539869273207707e+01
1.177708155657703770e+01
1.176323714071800453e+01
1.174367020488223190e+01
1.179611448288121700e+01
1.180055607776336934e+01
1.175444169881756551e+01
1.173472005657085759e+01
1.179526195354702089e+01
1.176638968288782650e+01
1.178290206114626493e+01
1.180238612815907295e+01
1.177904811543466224e+01
1.180151325980702381e+01
1.181547477715773731e+01
1.177603338527981691e+01
1.182157928101224265e+01
1.179287792648304922e+01
1.178367175470894423e+01
1.181167118382123071e+01
1.179543738874983738e+01
1.178549262814495258e+01
1.181468912983590513e+01
1.179504669629276847e+01
1.181223033187589522e+01
1.178914663896238579e+01
1.179253659387659781e+01
1.180919135914505347e+01
1.179440870460806678e+01
1.178832669091460339e+01
1.179985596811977011e+01
1.177833096456518192e+01
1.178235325242282627e+01
1.176603288046607787e+01
1.178846102259761786e+01
1.178491812119920645e+01
1.177212025901443582e+01
1.177808428112048844e+01
1.176839058706311825e+01
1.175010704131604200e+01
1.177303790329221300e+01
1.176525533137011337e+01
1.175321974441892436e+01
1.173911815890026844e+01
1.176151164438432950e+01
1.178614941985097175e+01
1.172793579010443921e+01
1.176223494548233006e+01
1.179093782158719961e+01
1.179515206186867360e+01
1.178829578164809355e+01
1.181562166364712141e+01
1.180665740873853942e+01
1.178923713685052199e+01
1.180608579273816794e+01
1.175635027290024581e+01
1.179803927809302166e+01
1.179428536113169379e+01
1.176386323337427697e+01
1.178111396516865739e+01
1.181048941361700422e+01
1.182131191859636665e+01
1.181113627544756639e+01
1.179378514114246812e+01
1.179173755632143994e+01
1.179111218355213175e+01
1.180635597524923597e+01
1.180855364626510529e+01
1.181400416864371117e+01
1.182387083461687816e+01
1.182469735414993117e+01
1.178582979570038169e+01
1.181659326624844120e+01
1.178355623862740131e+01
1.180988735544366364e+01
1.180000649291501169e+01
1.178035390894052092e+01
1.176561343617349920e+01
1.178974563329569492e+01
1.179698643950044001e+01
1.178501155739237305e+01
1.176368740480297426e+01
1.176158181953370985e+01
1.177705086096883491e+01
1.179695861051448702e+01
1.179427732471760848e+01
1.180540783842793040e+01
1.179814540928410338e+01
1.177529517454780006e+01
1.177961808366350027e+01
1.179292721820581491e+01
1.179324440467170731e+01
1.176992860580617162e+01
1.178266143051041226e+01
1.177361933475397393e+01
1.178377220165985761e+01
1.177903685797629052e+01
1.176851786491216600e+01
1.177472330980945259e+01
1.179002804516833436e+01
1.178929125743820450e+01
1.178716674498797801e+01
1.181295201636780590e+01
1.179285436451831437e+01
1.181039618051036300e+01
1.175886526793830633e+01
1.179916528406215548e+01
1.178205993092095838e+01
1.181546178783117540e+01
1.180824607242952418e+01
1.180965581847249624e+01
1.176984082097762752e+01
1.179345368678810679e+01
1.178365944794192899e+01
1.179776535926911230e+01
1.178004144371750783e+01
1.177641659110418360e+01
1.178497450078056730e+01
1.177453704035230331e+01
1.177056209751446758e+01
1.177657718812359455e+01
1.174324556711635203e+01
1.175582604244801210e+01
1.176012233983506761e+01
1.178465445368756903e+01
1.174617248006689252e+01
1.176018789252710484e+01
1.175842861337904566e+01
1.174652703736969528e+01
1.174478971828417784e+01
1.171386546112250926e+01
1.173912302477167025e+01
1.170508543488468689e+01
1.169595345923573859e+01
1.169981008532382383e+01
1.171489195014843077e+01
1.174520849509084996e+01
1.176236379978253943e+01
1.177526165570894179e+01
1.177831811119139971e+01
1.175943987290836468e+01
1.174511742873137266e+01
1.177733949372959898e+01
1.178990194039984196e+01
1.174976500006912339e+01
1.179513864480208873e+01
1.180905970514881886e+01
1.179319077964468931e+01
1.179279237482391274e+01
1.180745128188099713e+01
1.180397189830628157e+01
1.182567549661527906e+01
1.180163852100508493e+01
1.180760634795215225e+01
1.181082097316975243e+01
1.178989034554758319e+01
1.178368865813422417e+01
1.179190710499495864e+01
1.177916664923608181e+01
1.182477180737079969e+01
1.180253079930043825e+01
1.180293382004483682e+01
1.179372998690465479e+01
1.181051776942233644e+01
1.178860931187559302e+01
1.180646847627554408e+01
1.180824286719278504e+01
1.182304511097495592e+01
1.179591691937025288e+01
1.180023772750424094e+01
1.178619852642009569e+01
1.176848667258772352e+01
1.179703857071052830e+01
1.177678818963770269e+01
1.179102413560910634e+01
1.177675540407469335e+01
1.175348314997666321e+01
1.177604115799841367e+01
1.177493203171309588e+01
1.179250153630865228e+01
1.177703216419267207e+01
1.180308348792688022e+01
1.178712849670634633e+01
1.178862538232060508e+01
1.179005547198863013e+01
1.180387471715170022e+01
1.178466802178517270e+01
1.177906060337860339e+01
1.177925055864394821e+01
1.176565346433446813e+01
1.175908941729434964e+01
1.173502964913301660e+01
1.172591853227016934e+01
1.174145010641394649e+01
1.171998736821676523e+01
1.176135736862647541e+01
1.174823425376023067e+01
1.175793688103281909e+01
1.178027239705709484e+01
1.179811782048091828e+01
1.177545541491460668e+01
1.179040330120035485e+01
1.177748764681058091e+01
1.177388997682136917e+01
1.172806846003706660e+01
1.176541186831517471e+01
1.173686881180990760e+01
1.171519203169719781e+01
1.171090528412820220e+01
1.174194847512512041e+01
1.174228498492367123e+01
1.175075955777939640e+01
1.176015347130444866e+01
1.171502562596004182e+01
1.173454014074416030e+01
1.176172004705220786e+01
1.176183666447424514e+01
1.175677819529530410e+01
1.172127862832806855e+01
1.171890046457932577e+01
1.172031576965074962e+01
1.173106890597376761e+01
1.174461595347229270e+01
1.175400556601709923e+01
1.170378325668860953e+01
1.176135339248083866e+01
1.173580587882611681e+01
1.176460805572777879e+01
1.176825520503883382e+01
1.175595963887993456e+01
1.172793794728347194e+01
1.177868422290558925e+01
1.176338294418490094e+01
1.175100170166133928e+01
1.174640715820358139e+01
1.174588799117550586e+01
1.173982288911447114e+01
1.177376592614163897e+01
1.173841880682488892e+01
1.176435613186427886e+01
1.176003358246803465e+01
1.176014999530340788e+01
1.176582405441444479e+01
1.178043994460195520e+01
1.174341111400898008e+01
1.177694820774595641e+01
1.175763281752135647e+01
1.175972341858030390e+01
1.178517779714934832e+01
1.178833630019362211e+01
1.177158126300124863e+01
1.174330373528481353e+01
1.173781862122559438e+01
1.176757137228157823e+01
1.176431097169374240e+01
1.176401174800106197e+01
1.173788148623520122e+01
1.178448650515841578e+01
1.176320463232582192e+01
1.176242892210582269e+01
1.176479799059348608e+01
1.177985637919920592e+01
1.176117853834618998e+01
1.177473936667162491e+01
1.176174903811376460e+01
1.174329122333104714e+01
1.175868399508168416e+01
1.174464832843012907e+01
1.176226906026577623e+01
1.174153546769427514e+01
1.174717138279747886e+01
1.175542833069297899e+01
1.174743999257940352e+01
1.178492620934111557e+01
1.175166443107260683e+01
1.176309379414661827e+01
1.178770810294778926e+01
1.176881862044480798e+01
1.179975234407234730e+01
1.179285979729111666e+01
1.179339991650780206e+01
1.179046710063066961e+01
1.177375514858774075e+01
1.179425079239833352e+01
1.172490861622827296e+01
1.175486780328382608e+01
1.174841344217562877e+01
1.179344982578433765e+01
1.177093515684967073e+01
1.177788062389120682e+01
1.172137622379106148e+01
1.178875853295137688e+01
1.176649062390747247e+01
1.176381562967651817e+01
1.175579989691714999e+01
1.178732064813666369e+01
1.178440594983467093e+01
1.178957863620468416e+01
1.178158112548255509e+01
1.180477263014161338e+01
1.179480406723477159e+01
1.180976079686983482e+01
1.179705700410551827e+01
1.179923566040223726e+01
1.178992625832220220e+01
1.178956513207282519e+01
1.178668458196381685e+01
1.174679482184534507e+01
1.178160463494280918e+01
1.176884756933620935e+01
1.175421340087057409e+01
1.174604280199570461e+01
1.175487774397329055e+01
1.173725972507416238e+01
1.174064199368012318e+01
1.173676651698232476e+01
1.175540868162342001e+01
1.172854492434111329e+01
1.173719660364367634e+01
1.172811351912563183e+01
1.172064089962564992e+01
1.170737363690080990e+01
1.173802266262168459e+01
1.171978584963917491e+01
1.174781536365288126e+01
1.173225282855546503e+01
1.173287999284577587e+01
1.171886360542909777e+01
1.173887295878892445e+01
1.173587064521062295e+01
1.172685697154935980e+01
1.176410601285786051e+01
1.172473385744844876e+01
1.172454418610504767e+01
1.175352769885859061e+01
1.172438452142143639e+01
1.174012629982625100e+01
1.171512398793343657e+01
1.171190146629553475e+01
1.171838049956409122e+01
1.172007844389689879e+01
1.169001554715166513e+01
1.172057225242981460e+01
1.172745156532131361e+01
1.168716527774729386e+01
1.173608296340353974e+01
1.168825382163167248e+01
1.172599333723171533e+01
1.168939612684460094e+01
1.173035538543169309e+01
1.171597936194866563e+01
1.172357189269276923e+01
1.172615675433059579e+01
1.175044803917790581e+01
1.169271755242021271e+01
1.175137071766434538e+01
1.175191723603709981e+01
1.174873294784201505e+01
1.171903498996197079e+01
1.177688736621905363e+01
1.172092260576637202e+01
1.172375114439181232e+01
1.173605757960680229e+01
1.171855947938910703e+01
1.171384058315277343e+01
1.169919168500116768e+01
1.171792077958074074e+01
1.172862130122237900e+01
1.166676490111372289e+01
1.174933341144873111e+01
1.168220216985078785e+01
1.173403920309566573e+01
1.162753840741832079e+01
1.169748262356294077e+01
1.164234638893497831e+01
1.163529195864417076e+01
1.166450497348861504e+01
1.168194570720998726e+01
1.160485225323290415e+01
1.173382619922399606e+01
1.163894709315694165e+01
1.170883336245898931e+01
1.169153977350149276e+01
1.172923436757743865e+01
1.171903352241314522e+01
1.171704112632173178e+01
1.170665926846026395e+01
1.168868115323874690e+01
1.168781789357811363e+01
1.170910232130462880e+01
1.165242150415393674e+01
1.170969699694265564e+01
1.166650885450620834e+01
1.166283071968537932e+01
1.165337879725005266e+01
1.171481083705564608e+01
1.164058041280320488e+01
1.168896903147336985e+01
1.167668248592074320e+01
1.162317187184125800e+01
1.167965397548462292e+01
1.168406818363191135e+01
1.170131545328020728e+01
1.170588498190966220e+01
1.165918607145002817e+01
1.168572645585869552e+01
1.163229497850035443e+01
1.168696975457223353e+01
1.163464737246285452e+01
1.173891646403153999e+01
1.172614799199247670e+01
1.172633094053085046e+01
1.167421170261673957e+01
1.172695123644227877e+01
1.172209535516356915e+01
1.172534039483731760e+01
1.165711245183964095e+01
1.171882501712014601e+01
1.167795922101841732e+01
1.172469075432329788e+01
1.166245537210330596e+01
1.168485762443101095e+01
1.168112699250281494e+01
1.168971392372352014e+01
1.166773481564392867e+01
1.170094645438613945e+01
1.167626017129750515e+01
1.169228711802871246e+01
1.162359451192697080e+01
1.168158860068892402e+01
1.169827353751326626e+01
1.165148800373821913e+01
1.161948737040388657e+01
1.160920288534672729e+01
1.163283256816671951e+01
1.166841660983430806e+01
1.158856059252685533e+01
1.164619098338577352e+01
1.159148939429516467e+01
1.162342475580436130e+01
1.164170729608238730e+01
1.166721112506491131e+01
1.160313463200256656e+01
1.165566160004628671e+01
1.161956246857575792e+01
1.165812020674805716e+01
1.161307800731162132e+01
1.164402016839530241e+01
1.163484223947640750e+01
1.168321041232021074e+01
1.163077120017259425e+01
1.161278595166415784e+01
1.155692176096864188e+01
1.165088973578846243e+01
1.157721002898436424e+01
1.162866208094198228e+01
1.160533224774070504e+01
1.163319229721795800e+01
1.165970654952122487e+01
1.165090306967423572e+01
1.163771944279582016e+01
1.172022796578942661e+01
1.167532836319014677e+01
1.168667976777998341e+01
1.167690608746735847e+01
1.169162010284798114e+01
1.169134036263563381e+01
1.171782376531519887e+01
1.168231218235079183e+01
1.167584212228964091e+01
1.165767918760246502e+01
1.171893216590608944e+01
1.165534116634027306e+01
1.174016684186726778e+01
1.174486899254244676e+01
1.174460516631401674e+01
1.169346797962887763e+01
1.176881026093791860e+01
1.174121286981238299e+01
1.173150954241893906e+01
1.169843116146390471e+01
1.171662027243977988e+01
1.173106932803772651e+01
1.170430941798104385e+01
1.171526459753998317e+01
1.169745758248547851e+01
1.166518213840679863e+01
1.168811814300162588e+01
1.165046960909230123e+01
1.168031697192194684e+01
1.165388254547348623e+01
1.168722030639239762e+01
1.162900203083226280e+01
1.169290533942531773e+01
1.159294316143957460e+01
1.171493766347244581e+01
1.163936191232554407e+01
1.170219587647980219e+01
1.165369097269835841e+01
1.170596747303748053e+01
1.160603679502766283e+01
1.170531633966513496e+01
1.161990928427016811e+01
1.164785296025951133e+01
1.160236621827671932e+01
1.166059721762229806e+01
1.158506065091133763e+01
1.167551116867414329e+01
1.161277737057952564e+01
1.163224271453289482e+01
1.158799064675292989e+01
1.167099266023885029e+01
1.165649110591715854e+01
1.160151611100632607e+01
1.156986932776102783e+01
1.163493483339603074e+01
1.153817084679825022e+01
1.157142974188234774e+01
1.155761201428378371e+01
1.159276460761192062e+01
1.151487900187159852e+01
1.163109323676027884e+01
1.147068664567654395e+01
1.159959131384733411e+01
1.144183142764715022e+01
1.162251557525263124e+01
1.153730658369829243e+01
1.149204623200283137e+01
1.153101748479586952e+01
1.155885754032379253e+01
1.156602131454350335e+01
1.151268565887073692e+01
1.157601448091545215e+01
1.159425916815903257e+01
1.153165429918450080e+01
1.161643583267716551e+01
1.151195913199130949e+01
1.152191165996871192e+01
1.166798752739958900e+01
1.158664397362523601e+01
1.162540155864587454e+01
1.150448988644758863e+01
1.154829327015608698e+01
1.158618269011039459e+01
1.157144307472226785e+01
1.157356955741914639e+01
1.159279958208827210e+01
1.157259491366028037e+01
1.154326663638453176e+01
1.160382345992413988e+01
1.155602658437080521e+01
1.149774836580960091e+01
1.157672009620971920e+01
1.153603741784592529e+01
1.147713208212034530e+01
1.147608384771912249e+01
1.150519602415057818e+01
1.150731764855086681e+01
1.146127867671742351e+01
1.148647308835346870e+01
1.146682721649912651e+01
1.136710967386056836e+01
1.148212961657726083e+01
1.145859005751730564e+01
1.141205785405848339e+01
1.141745404029716582e+01
1.146168118302291816e+01
1.148073776456058148e+01
1.139689878542895052e+01
1.136684690332396563e+01
1.152504378829405418e+01
1.130834244393298249e+01
1.140764436937168469e+01
1.140407103602419880e+01
1.134513770326225846e+01
1.142571662355062401e+01
1.150402075866959528e+01
1.140068335941580813e+01
1.138695903396261322e+01
1.131182463114939551e+01
1.136602779466858237e+01
1.139783200696920140e+01
1.142915874450138247e+01
1.123903762559814545e+01
1.150714107173301493e+01
1.128662167907837777e+01
1.145331094135519123e+01
1.131119247275805684e+01
1.145464745442484045e+01
1.133932022370147941e+01
1.142999750793438984e+01
1.140574295324895004e+01
1.142432982728085911e+01
1.139287974615395349e+01
1.134104222837687459e+01
1.129426938572405348e+01
1.141639018205494338e+01
1.129094753952688102e+01
1.150361892475048542e+01
1.124934476885348644e+01
1.136875098461860389e+01
1.124146469063444087e+01
1.143137293307479219e+01
1.119431072852123954e+01
1.138478395847161906e+01
1.124489352976349110e+01
1.131700361010373790e+01
1.121109841843652966e+01
1.152762518642465395e+01
1.110708124331850044e+01
1.140881323440062900e+01
1.122924296512107034e+01
1.137642259602018235e+01
1.124517972733990945e+01
1.135632163670471328e+01
1.121947707172913056e+01
1.144784541730312100e+01
1.134554595975628288e+01
1.124918004697766882e+01
1.133585184700564419e+01
1.135376536055815677e+01
1.124807534702575218e+01
1.142000956060745764e+01
1.134091013140288062e+01
1.136474090387321567e+01
1.150723123758534072e+01
1.145406850056446757e+01
1.148096352420579791e+01
1.152652821213636258e+01
1.144889887644247217e+01
1.150919644870458036e+01
1.143575351619334768e+01
1.158663259118942790e+01
1.132324703603969773e+01
1.156284478779288349e+01
1.144632431624694036e+01
1.159787575558923578e+01
1.150031783526471862e+01
1.154126039474195231e+01
1.156613195913752534e+01
1.169691099488925445e+01
1.153669947611827951e+01
1.160789220474440597e+01
1.144326630992309646e+01
1.163882148234483438e+01
1.145502284640863522e+01
1.152435306056576536e+01
1.149188832870165200e+01
1.152594910923712312e+01
1.144078207439973482e+01
1.153355708976685179e+01
1.142692260004587013e+01
1.153324710179373902e+01
1.139776362179520852e+01
1.148381395443629671e+01
1.136823416014438237e+01
1.150620187644691939e+01
1.126797549879872662e+01
1.157502971390662161e+01
1.128977370942150849e+01
1.149636279008215389e+01
1.123069848975116258e+01
1.151441001383481400e+01
1.124870447454829758e+01
1.153320722750839522e+01
1.123655015104556298e+01
1.146211078608263989e+01
1.133702064785294539e+01
1.137557099947799166e+01
1.129590984095142936e+01
1.144774892219035145e+01
1.132114835008601972e+01
1.146601563568214388e+01
1.130861223586953912e+01
1.141498631553623433e+01
1.123305547851245478e+01
1.148345328996846426e+01
1.136266830595782551e+01
1.129689408119789817e+01
1.142747991503521554e+01
1.129479532788472085e+01
1.164555568253394213e+01
1.142302484678232233e+01
1.138993120866106956e+01
1.151923116194020125e+01
1.141222561957216186e+01
1.147714085071836188e+01
1.141504896368732958e+01
1.140886592353454887e+01
1.139934863789568809e+01
1.134229132817451458e+01
1.145903678626506128e+01
1.127783842396183367e+01
1.130372360613496774e+01
1.130128458323819984e+01
1.131946868323809596e+01
1.127380066439361705e+01
1.135013111765801597e+01
1.120383654104292503e+01
1.148307092015718034e+01
1.119096737173789968e+01
1.126701390604680419e+01
1.135837514085099187e+01
1.121560235217521573e+01
1.133147012516979046e+01
1.122859313175120199e+01
1.137961469356245381e+01
1.129864625964280656e+01
1.111683360807216303e+01
1.129310787205065481e+01
1.112446228104218804e+01
1.136339418257578515e+01
1.123666245177142287e+01
1.134067035173615778e+01
1.124249238971952991e+01
1.120557626023788345e+01
1.141874943445692558e+01
1.102431529404272759e+01
1.141758549661559741e+01
1.142647220907736383e+01
1.105484230065085960e+01
1.137704109928840879e+01
1.128625337288506358e+01
1.130257995137540661e+01
1.126678483074237924e+01
1.129683926387168391e+01
1.143245076037557872e+01
1.142365391697860311e+01
1.116725203771405539e+01
1.143855880661553925e+01
1.127165390656019106e+01
1.155245384892238469e+01
1.127357555302341652e+01
1.159107171681384685e+01
1.127885443991712933e+01
1.129066241236839119e+01
1.139535802386109431e+01
1.129242892462166559e+01
1.132747236440006233e+01
1.141261562123706064e+01
1.120500801645587075e+01
1.133778170202690205e+01
1.131141126820952181e+01
1.128053713207779829e+01
1.118236923212894851e+01
1.151471070354234350e+01
1.115962845757378297e+01
1.123481292290433942e+01
1.117260288404127522e+01
1.140169458983613637e+01
1.108992720896864981e+01
1.132056552913873482e+01
1.107284996407476285e+01
1.130134492638900490e+01
1.107880378968127566e+01
1.137540157857399237e+01
1.097366722909249326e+01
1.131192360768480398e+01
1.108485975967375659e+01
1.134255367203269849e+01
1.098303995174410019e+01
1.146418542172102129e+01
1.101524751374675226e+01
1.120450150000538159e+01
1.108179887137466757e+01
1.126598177998110195e+01
1.109273671072981493e+01
1.124496399970885818e+01
1.098036750409252349e+01
1.130219757428486105e+01
1.103907506540054939e+01
1.114835813444912560e+01
1.117439738741668620e+01
1.120142177239459613e+01
1.100467714773270700e+01
1.113900014848760200e+01
1.105983212774166802e+01
1.122443352956355334e+01
1.114384315838801243e+01
1.137425815042137600e+01
1.104864666444857058e+01
1.109474571062462367e+01
1.120140666143291597e+01
1.121545915083486378e+01
1.111505634959677913e+01
1.132267986827101680e+01
1.098737280602542477e+01
1.124633333868754725e+01
1.109789314039756825e+01
1.139414355686675506e+01
1.104368820364316051e+01
1.124422684422881247e+01
1.099738355163915848e+01
1.129520691109294539e+01
1.096271900999775895e+01
1.143701603839965131e+01
1.089325686032075424e+01
1.133249799696817739e+01
1.099262886201509026e+01
1.137814259569400477e+01
1.120456194721446330e+01
1.109757195994686363e+01
1.091042534218697213e+01
1.156405962237854190e+01
1.106232816823005649e+01
1.114557988350562212e+01
1.113171047843525407e+01
1.126972805484717455e+01
1.102205707298642778e+01
1.127891167586776433e+01
1.110614464955121683e+01
1.118723149871838807e+01
1.094999014123027870e+01
1.132111623196478334e+01
1.116745430313517851e+01
1.139077842651473738e+01
1.103038190860082857e+01
1.134685935325232897e+01
1.095028334325907515e+01
1.128142217993964458e+01
1.091127273961066990e+01
1.133788691028888707e+01
1.101448901942023539e+01
1.132978892717251185e+01
1.082261317686160140e+01
1.138699735136241031e+01
1.086995147022967956e+01
1.133390124843766245e+01
1.074350850301480520e+01
1.144574984151689456e+01
1.077921458288387413e+01
1.116786943440438584e+01
1.097029415140527497e+01
1.130927316913337677e+01
1.086017612489658291e+01
1.114452891410310897e+01
1.092702838516412456e+01
1.105441548927046114e+01
1.086160936950721911e+01
1.135007169576804031e+01
1.075495904601792674e+01
1.106836703874577310e+01
1.093128979965013059e+01
1.130396582074124900e+01
1.084239312781994613e+01
1.111987765456054156e+01
1.085989401683292144e+01
1.113902669127828382e+01
1.094865202639006796e+01
1.111617100111160461e+01
1.085189290298225551e+01
1.133556329897612791e+01
1.090904327671601948e+01
1.105977075297812107e+01
1.080928789110321198e+01
1.115369178148257490e+01
1.100160497314588426e+01
1.108891860200368384e+01
1.112864592586155688e+01
1.119439076575815228e+01
1.077525767892629815e+01
1.123794219087907642e+01
1.086596521923932457e+01
1.142192130801992711e+01
1.087527835628374184e+01
1.110202563040832224e+01
1.085684209973480208e+01
1.121321854394219031e+01
1.097954981449944256e+01
1.121516271552553690e+01
1.062785468585624749e+01
1.140696413300560685e+01
1.079706666267584581e+01
1.119264386120033805e+01
1.091095518430073597e+01
1.113940815760340541e+01
1.080310089161763187e+01
1.113107547524121443e+01
1.076331147387236697e+01
1.114792184102600814e+01
1.071805319750330199e+01
1.100509883816770085e+01
1.091430081850294798e+01
1.113372538712150828e+01
1.054358615033871338e+01
1.121416024348025431e+01
1.066709436806448075e+01
1.113998773108305684e+01
1.059556711281135399e+01
1.120400764565737894e+01
1.062383676837522728e+01
1.118093419057755966e+01
1.053410452679501752e+01
1.123569980651284261e+01
1.050430668137545531e+01
1.103997619846832734e+01
1.058641484350632389e+01
1.130446909213408091e+01
1.075871688268309256e+01
1.097791412164473179e+01
1.064937625192341386e+01
1.111620893914930797e+01
1.067075282561335037e+01
1.120659201497092994e+01
1.070643452399011508e+01
1.118412811006744434e+01
1.065891496196762311e+01
1.133511759696706633e+01
1.076978111419880335e+01
1.101146617274348927e+01
1.093772100030772165e+01
1.099024971610239021e+01
1.098810275470290954e+01
1.096150304215279192e+01
1.086177168934576187e+01
1.120626655762257506e+01
1.082749589206050445e+01
1.110031227977185431e+01
1.092042968660313207e+01
1.089744652104635314e+01
1.081251296764656900e+01
1.099010134175258457e+01
1.078611509102820598e+01
1.096977927486447690e+01
1.055488498490770510e+01
1.116524791572170905e+01
1.058361521742844324e+01
1.108545772157824416e+01
1.056619131896210639e+01
1.106101378430322413e+01
1.046385398460290794e+01
1.122210344853664488e+01
1.053978698767175892e+01
1.105765334185367088e+01
1.040821058318825010e+01
1.120341488936547414e+01
1.054710720069590479e+01
1.103002627630453247e+01
1.036132610159123502e+01
1.105587958583462083e+01
1.048064219172167455e+01
1.112550263944364204e+01
1.044413226696374153e+01
1.106950982868712607e+01
1.025999520528996811e+01
1.131099159215013117e+01
1.038950994393961480e+01
1.118772959239702303e+01
1.034577874584288892e+01
1.097638523265360888e+01
1.047211333420367652e+01
1.118557378693721560e+01
1.032644174182674135e+01
1.094274305616451493e+01
1.052116265848066945e+01
1.116238902027715163e+01
1.052881643772604647e+01
1.089849802117627853e+01
1.024749815446590340e+01
1.124050753070146769e+01
1.026842019101831127e+01
1.112514968192517273e+01
1.016582592783723982e+01
1.128724351595358577e+01
1.014739770292008458e+01
1.101726980290880853e+01
1.014196633012466187e+01
1.101810638166296918e+01
1.023671527144507287e+01
1.086429870974307299e+01
1.003366356261696168e+01
1.106560199783319831e+01
9.959168246500537336e+00
1.118471159598033537e+01
9.902247175122596445e+00
1.112080916887000726e+01
1.002562297746499276e+01
1.112376166777226416e+01
9.751179880752186335e+00
1.122816430571465673e+01
1.007548635400926962e+01
1.104459000855623252e+01
9.958562179134730741e+00
1.079978037702385052e+01
1.035819029514777689e+01
1.093384478768550316e+01
1.001423689476527912e+01
1.101682006472150732e+01
1.022130841669082812e+01
1.114714806404016656e+01
1.022349152454710897e+01
1.087041308723507527e+01
1.027701101112839055e+01
1.100912313025994216e+01
9.985337640888673150e+00
1.127728328157953008e+01
1.041027223283708381e+01
1.100970722184796280e+01
1.069669548619248367e+01
1.104661787793411776e+01
1.052026004456712371e+01
1.104535119465860049e+01
1.051156201111978916e+01
1.109799171066824997e+01
1.049825860618288864e+01
1.092596265856638560e+01
1.041203135873406538e+01
1.096198527747996820e+01
1.050174635413135604e+01
1.073503964068815364e+01
1.045920749056060473e+01
1.074728704787268896e+01
1.041357025138431069e+01
1.073561817631243720e+01
1.036809162379735838e+01
1.076551662708342683e+01
1.034867400946435190e+01
1.076717876062283352e+01
1.045554060322683654e+01
1.049785819521817842e+01
1.053025551904102386e+01
1.048507136831156039e+01
1.058289863306637102e+01
1.037993378136545530e+01
1.060166249005976802e+01
1.043704254566823053e+01
1.054937925543003630e+01
1.038827960650775140e+01
1.048366827459094530e+01
