1.456248297288927063e+02
1.362084670880350075e+02
1.249424344536803773e+02
1.124679233877428146e+02
9.937577751901578438e+01
8.618744194796434499e+01
7.334275175434396488e+01
6.119148784811702768e+01
5.000135639486514094e+01
3.995108861243972598e+01
3.114714277385704833e+01
2.362956436262724580e+01
1.738054831310056869e+01
1.234099750885088653e+01
8.412458258625239438e+00
5.481638741683142690e+00
3.415267939813649178e+00
2.075452475272877795e+00
1.328225094598459055e+00
1.042038146556743206e+00
1.098382283402208337e+00
1.392150145419819296e+00
1.831792983779032769e+00
2.341715270423152973e+00
2.861712791967721881e+00
3.346153297700187768e+00
3.762926455842160678e+00
4.092529358189584521e+00
4.322482143968485957e+00
4.452704847812409383e+00
4.486893493349635165e+00
4.432977891877149190e+00
4.303834741225546878e+00
4.114401871980511771e+00
3.877469889603606834e+00
3.609313651491947716e+00
3.321775335959681108e+00
3.028371380266964952e+00
2.738387743191208923e+00
2.462240395957114636e+00
2.204357051767281472e+00
1.970609920407230709e+00
1.764170451498686232e+00
1.586088597267406586e+00
1.436616646859345758e+00
1.314000259773677071e+00
1.217613575591291353e+00
1.143335193453060672e+00
1.089121422552784990e+00
1.053718412289171624e+00
1.033439486952521413e+00
1.023509036934346028e+00
1.021344478361110752e+00
1.026904062440990861e+00
1.035436961874353523e+00
1.046983048805725236e+00
1.058282403112597914e+00
1.070522630519474161e+00
1.082345281928479563e+00
1.090284458996661376e+00
1.097657408683442970e+00
1.102817359270585662e+00
1.104662964250769708e+00
1.104811849666189838e+00
1.105601646024205298e+00
1.099870127403943965e+00
1.098336289301735658e+00
1.092820685126699498e+00
1.086604219843237740e+00
1.079923400451613169e+00
1.074555837089941956e+00
1.068373911177733948e+00
1.061358228972721252e+00
1.056562223502543141e+00
1.050663899171332405e+00
1.045727773479987910e+00
1.042478348577022151e+00
1.039328606789252873e+00
1.036390818948915715e+00
1.034048205243915941e+00
1.032157128397508616e+00
1.029496318043795045e+00
1.029141086775771985e+00
1.027988470012527022e+00
1.026738649802672709e+00
1.025788062127398925e+00
1.025952091590384807e+00
1.025141386953264622e+00
1.025025129633631904e+00
1.024718263658974227e+00
1.024656027936549751e+00
1.024618719073157935e+00
1.024742128069593639e+00
1.024212851194506335e+00
1.024489914226283105e+00
1.024513275447559213e+00
1.024992398555812256e+00
1.024955436896259897e+00
1.026136405428518472e+00
1.025986328935464265e+00
1.026129270530990567e+00
1.027969475680200695e+00
1.029084201378733576e+00
1.029699443101677492e+00
1.029108806320584657e+00
1.029219586549999121e+00
1.030944977439163690e+00
1.030787012646640077e+00
1.030412779775241150e+00
1.031587809454479698e+00
1.030990284042303307e+00
1.032057366868001980e+00
1.032122845995168126e+00
1.031773394742967254e+00
1.031411224843280072e+00
1.031588222052617354e+00
1.030230177035846184e+00
1.029777071228924479e+00
1.029456497509447122e+00
1.028569910500660711e+00
1.027348844688966922e+00
1.028116335270441661e+00
1.027737603585388237e+00
1.026644538242088123e+00
1.027294965811478056e+00
1.026192640626880426e+00
1.026065992631932877e+00
1.025718160231969600e+00
1.025599075582697139e+00
1.024107479848266777e+00
1.024635691207891330e+00
1.024849914221383829e+00
1.024200510788049856e+00
1.024076423329343788e+00
1.024614636915738064e+00
1.024437706962837646e+00
1.024806926570356325e+00
1.025487308719471136e+00
1.024378696648503340e+00
1.024636948767618794e+00
1.025637793835258105e+00
1.025389991977346149e+00
1.026482466879373279e+00
1.025722799702045940e+00
1.026740973408759139e+00
1.026399440600603397e+00
1.027440099424225872e+00
1.026739462999758379e+00
1.028038630706098244e+00
1.029383600471565074e+00
1.028931863353063303e+00
1.028641993923066433e+00
1.029482965038613473e+00
1.029257428138019348e+00
1.029930194637678653e+00
1.030043547626848799e+00
1.030029761252086340e+00
1.030526378460743020e+00
1.030040617150374871e+00
1.029516414659515045e+00
1.029100640733106697e+00
1.029330631127414630e+00
1.028885257648475715e+00
1.028705587481604011e+00
1.027783077528971800e+00
1.028371064268470247e+00
1.026827117807725731e+00
1.027353430315204763e+00
1.027310371687817803e+00
1.026609729578804808e+00
1.026560752147937627e+00
1.026213468810405427e+00
1.025954838605354524e+00
1.025299508336187770e+00
1.025045195744647364e+00
1.025336519671118607e+00
1.025046858204811784e+00
1.024435433749792068e+00
1.024628502073536174e+00
1.023400700775023431e+00
1.023524054408690986e+00
1.023889524667648487e+00
1.023685177830301107e+00
1.023867611431337421e+00
1.024041419032264866e+00
1.025437811998296977e+00
1.025007239580660423e+00
1.026333547870819540e+00
1.026911607434597418e+00
1.027079508269471697e+00
1.026347057312282152e+00
1.027132221742194318e+00
1.028113331134670405e+00
1.028970505805623548e+00
1.027842970850953330e+00
1.027726870733874254e+00
1.028275293376448074e+00
1.029131140361418062e+00
1.027765189438641702e+00
1.028817526697672902e+00
1.030000889349450333e+00
1.030160662067811872e+00
1.030045424013449784e+00
1.030741788844364626e+00
1.030221389811410981e+00
1.028952927561528341e+00
1.028312367444703002e+00
1.028863623037381547e+00
1.029333860551054247e+00
1.029289206836392578e+00
1.029319929725611482e+00
1.028573404784067113e+00
1.027507990361757662e+00
1.028435013702620582e+00
1.028170980382016930e+00
1.027863125246203602e+00
1.028113794953540605e+00
1.028081376036798389e+00
1.025830389701744227e+00
1.027456127927489637e+00
1.027274436619811215e+00
1.026662344058065113e+00
1.026322970762627795e+00
1.026142710123490787e+00
1.025564793370387751e+00
1.024892966959870089e+00
1.024891273520976531e+00
1.024845909229053165e+00
1.024649880505272836e+00
1.024905014297309513e+00
1.024380191291622832e+00
1.025096156887071119e+00
1.024592787218449486e+00
1.025763639133924432e+00
1.025192333407904943e+00
1.026554022148279843e+00
1.025675230548175554e+00
1.026137991052433085e+00
1.026518953618393848e+00
1.026482554701683814e+00
1.026672169234060128e+00
1.027118235434697047e+00
1.027324986479925650e+00
1.026452572988795442e+00
1.027018146676325960e+00
1.027756725223646583e+00
1.026487135877084622e+00
1.027128456152454072e+00
1.027733494931822866e+00
1.027707154066803463e+00
1.027005429318749608e+00
1.028076707761219177e+00
1.030213465170267684e+00
1.030017127165722579e+00
1.030691164118932246e+00
1.029718535369694044e+00
1.030858085305261351e+00
1.029366776500655778e+00
1.029452386763374694e+00
1.029731961063832912e+00
1.029798984443846210e+00
1.028454058931548731e+00
1.029449056999739431e+00
1.028915484733603503e+00
1.029071337976064981e+00
1.028600190734196840e+00
1.028761053245650814e+00
1.027531236357602573e+00
1.028206852628692491e+00
1.027298421257681449e+00
1.026738499003476024e+00
1.026991436390568113e+00
1.026035014719150151e+00
1.025860624954385791e+00
1.025819405406326768e+00
1.025369912038053943e+00
1.024945415047013419e+00
1.024910705571350888e+00
1.023691779379308775e+00
1.024624928663509182e+00
1.023935851019571741e+00
1.024286859736232902e+00
1.025377275279345746e+00
1.025248250758240776e+00
1.024114081454557068e+00
1.025432037756444315e+00
1.025877172365556866e+00
1.024335719449509519e+00
1.026356167281695653e+00
1.026135566403316712e+00
1.024766076520013058e+00
1.025424029659572467e+00
1.025806228586457536e+00
1.027011882811491361e+00
1.026856973647535032e+00
1.026767080161788526e+00
1.026736496010115296e+00
1.026844403676817175e+00
1.027323001567700400e+00
1.028312346337563854e+00
1.028473569427617251e+00
1.028447565617785386e+00
1.028467859250896455e+00
1.028773875186257403e+00
1.028908807447794560e+00
1.027678115915100276e+00
1.027399877727354305e+00
1.028551667945455605e+00
1.028046021922308206e+00
1.028314111094984495e+00
1.028271698586337157e+00
1.030240906582244209e+00
1.030345190362648156e+00
1.030096168684686564e+00
1.029581136969136557e+00
1.029468804869540843e+00
1.028791833704625125e+00
1.028984635750328502e+00
1.029021208065906023e+00
1.027287850555240079e+00
1.027142264850582576e+00
1.027513826690418686e+00
1.027025430531801842e+00
1.026081696854591385e+00
1.026886347109581488e+00
1.027638873244252737e+00
1.027021273437525695e+00
1.026046084605840347e+00
1.026313560205641684e+00
1.027094159938459095e+00
1.026510980519947269e+00
1.026127673785079519e+00
1.025673934152527833e+00
1.024291853273036512e+00
1.024582520359303084e+00
1.024739510824452582e+00
1.025314753315787142e+00
1.025200759656262672e+00
1.024313656414472140e+00
1.024441998822558597e+00
1.024334805485316080e+00
1.024404555271120731e+00
1.024281761681560488e+00
1.023269783312138026e+00
1.024598319814619574e+00
1.025607894856002789e+00
1.025819569975165768e+00
1.025057192048521859e+00
1.026217558713598432e+00
1.024674198569334838e+00
1.024194901380301559e+00
1.026004800652424498e+00
1.028597631460837381e+00
1.027668372536674868e+00
1.030458316615487702e+00
1.030154449679095086e+00
1.029463979125835760e+00
1.030046369024436581e+00
1.028894891071657103e+00
1.029802846276516970e+00
1.028642234188934967e+00
1.029176853380437073e+00
1.028323821844889796e+00
1.028440148160298717e+00
1.027754191011680529e+00
1.027330240002148676e+00
1.027773433498009314e+00
1.028103826797403419e+00
1.029851429965692011e+00
1.029645719611104848e+00
1.029466866005441350e+00
1.029413622089384361e+00
1.028824468210155940e+00
1.028964641313544703e+00
1.028454612263516976e+00
1.027758725035572640e+00
1.030075489252514354e+00
1.029100170348719256e+00
1.028701383907169475e+00
1.028583480834227792e+00
1.028252372322965957e+00
1.028438360878356272e+00
1.028284697343425647e+00
1.028535101711723909e+00
1.028186732623389998e+00
1.027757579914132524e+00
1.025945781650902111e+00
1.026978707048635142e+00
1.027324631157287227e+00
1.026477773402922899e+00
1.025970921651755852e+00
1.025980749095775524e+00
1.025612708472836587e+00
1.025054059809841434e+00
1.025706139571724851e+00
1.024540721165282164e+00
1.025767013871839106e+00
1.025530481527443083e+00
1.024180524275217996e+00
1.024814491765724034e+00
1.025139428852944734e+00
1.024939594173460033e+00
1.024359529164260429e+00
1.024823974182320407e+00
1.025264125023209072e+00
1.025421898348616967e+00
1.025059314946324740e+00
1.025696009646214657e+00
1.027905279439805586e+00
1.025898958995653532e+00
1.027125413796909914e+00
1.027291123788144800e+00
1.028700779739490478e+00
1.030344416379504136e+00
1.029684359987970144e+00
1.029139645607879405e+00
1.029680121776705315e+00
1.028731408376242218e+00
1.028953687496205305e+00
1.028425831610225938e+00
1.027362999808366872e+00
1.027909189741834872e+00
1.025898179448638370e+00
1.028645558561803730e+00
1.029021751961513464e+00
1.027545016711989501e+00
1.027417486975933825e+00
1.027921189851734862e+00
1.029182741282319125e+00
1.029106057706070443e+00
1.028924425594021308e+00
1.030005543519919797e+00
1.029675391091051440e+00
1.029171928015596427e+00
1.029105880255156258e+00
1.029055878179395700e+00
1.028185306259168375e+00
1.028288556133241549e+00
1.028672039473275346e+00
1.029032629935671794e+00
1.028109868837633778e+00
1.028825046533798027e+00
1.029012043503242602e+00
1.029319947466992069e+00
1.028622725762951884e+00
1.028338529941760893e+00
1.028071095279606828e+00
1.026907666809967257e+00
1.026369023330247598e+00
1.025456431587476791e+00
1.024967423251050613e+00
1.025420273810015326e+00
1.024395089276237014e+00
1.024866932558312627e+00
1.023573268858677165e+00
1.025141015055608396e+00
1.024522946127251588e+00
1.025200682436532285e+00
1.025248238144611079e+00
1.025432091415527935e+00
1.022691426531897596e+00
1.025423519837614483e+00
1.025709776536744000e+00
1.024930937742349224e+00
1.026411229433397354e+00
1.026690419216931049e+00
1.027484256776996174e+00
1.027373227032549297e+00
1.027917015658342814e+00
1.029230809101854938e+00
1.028549534838969048e+00
1.029981684881699833e+00
1.029187680074693079e+00
1.030011491915670874e+00
1.031095744074458143e+00
1.030552307307350146e+00
1.030117707946497152e+00
1.029041896176342563e+00
1.027950670775811481e+00
1.028395305287542527e+00
1.028449440669992665e+00
1.029020910856767168e+00
1.027882057951631900e+00
1.027814027673620956e+00
1.027204363057699910e+00
1.027946469268034235e+00
1.029386053189964123e+00
1.028130070130078844e+00
1.029555926226072504e+00
1.029766843025230472e+00
1.030180381831200531e+00
1.030148120964607728e+00
1.030069099247438835e+00
1.030441207173775631e+00
1.028979471897091713e+00
1.029375869892658280e+00
1.029176037162793822e+00
1.028689718173234402e+00
1.030081758791994817e+00
1.029750374390039358e+00
1.030394214654712259e+00
1.029158068406944126e+00
1.029639745919331606e+00
1.029819473022770770e+00
1.028871581055297524e+00
1.028651618567970605e+00
1.027046310626023695e+00
1.027486849896366516e+00
1.026434813403508173e+00
1.025004247408212166e+00
1.024136577223728084e+00
1.024358291311780800e+00
1.024715528289142252e+00
1.024545951376663266e+00
1.024072607881670649e+00
1.024573880655153868e+00
1.025320318930449170e+00
1.023969417136723736e+00
1.025721682936869605e+00
1.023990416523713698e+00
1.024963416040827413e+00
1.025542119020665943e+00
1.025832692406473123e+00
1.026276109980677642e+00
1.025141775109408737e+00
1.025872243477277124e+00
1.024620152715302046e+00
1.024023439612624653e+00
1.026449195207173704e+00
1.025825318309407264e+00
1.025990790893801297e+00
1.027997365632757232e+00
1.027694008193159592e+00
1.027509424153357775e+00
1.028826151289551571e+00
1.030003893295285522e+00
1.029469817866116355e+00
1.029786369873846974e+00
1.028588925490897088e+00
1.028138071909445950e+00
1.029747294489213649e+00
1.028599868097599845e+00
1.029237922467870936e+00
1.028177162516013876e+00
1.028849291039802605e+00
1.027597085403314514e+00
1.027875616166109785e+00
1.026439482347296872e+00
1.026219399757797746e+00
1.027359869815028581e+00
1.026604585071413833e+00
1.024639250760964737e+00
1.027879426465925672e+00
1.027546098198070634e+00
1.027752329171220280e+00
1.027335141775964189e+00
1.027733751882200508e+00
1.026353819156206937e+00
1.027374550692949695e+00
1.027330786076356528e+00
1.027314816671122122e+00
1.027395969100123541e+00
1.027863223633304290e+00
1.027780479650759249e+00
1.028088656219101615e+00
1.027722548486600163e+00
1.028490115071300615e+00
1.028163285619650980e+00
1.027409194274429671e+00
1.027386701973328709e+00
1.026363153406729456e+00
1.027551145360582119e+00
1.027172810386507207e+00
1.027558515637070125e+00
1.027300235438733056e+00
1.026930514222726742e+00
1.026612015691837909e+00
1.026278880763587864e+00
1.026100044930000177e+00
1.023552713320310614e+00
1.024556931125175208e+00
1.025352238040275088e+00
1.025049907702610952e+00
1.025898185235246896e+00
1.027051832827883260e+00
1.027836384957166782e+00
1.026024682942975774e+00
1.025502464300786176e+00
1.027508329390596664e+00
1.028258899735425391e+00
1.028166947292062927e+00
1.027948320813432570e+00
1.028357762733049352e+00
1.026718373542530038e+00
1.027631702308001715e+00
1.027387812969341674e+00
1.027410448583597313e+00
1.026537503791503214e+00
1.026660474118948674e+00
1.026594767117505080e+00
1.028346732583490963e+00
1.025773505583031486e+00
1.027199516551188019e+00
1.027443778592340484e+00
1.029103461889862015e+00
1.028578957581893771e+00
1.028187382896601720e+00
1.027985350672655507e+00
1.027813225074998060e+00
1.027812612484994892e+00
1.028084626657670642e+00
1.028208956433334542e+00
1.026489311690390815e+00
1.026491772180673667e+00
1.026892498813458232e+00
1.025001773655619175e+00
1.024421738181838570e+00
1.025159006533804762e+00
1.025310467522319913e+00
1.025250004844661555e+00
1.025874701750336682e+00
1.027939103740949101e+00
1.027676103027401533e+00
1.028036336850172150e+00
1.026789428228397139e+00
1.028754128891087971e+00
1.028990261108357229e+00
1.028165607213032517e+00
1.029145313442963783e+00
1.028882555284947209e+00
1.029078604150535092e+00
1.028833922278396651e+00
1.028884959260488285e+00
1.027567588292076062e+00
1.028506771161734390e+00
1.029352534450199030e+00
1.030651423907440023e+00
1.030294508408171827e+00
1.028712110711805350e+00
1.029010159618851894e+00
1.028648562443969627e+00
1.027290530753703468e+00
1.027653873290488962e+00
1.026641237874276635e+00
1.027012494029053036e+00
1.026386677514702805e+00
1.025439747134611945e+00
1.025066000835565871e+00
1.024350428514017919e+00
1.026248050577839299e+00
1.024253508959759307e+00
1.023958655929788408e+00
1.025230293955831096e+00
1.025458186117237158e+00
1.023880178870937074e+00
1.025756462245381195e+00
1.024855128767699908e+00
1.027259813446029790e+00
1.028782924203266669e+00
1.028042291472452963e+00
1.029116698510658123e+00
1.028873387558294050e+00
1.029534698724958730e+00
1.029582367049187264e+00
1.029022879571816596e+00
1.029300055158477223e+00
1.029758642864705642e+00
1.029456247765855759e+00
1.029622025813721420e+00
1.028741495912530945e+00
1.029056797333726125e+00
1.029463858649958485e+00
1.027980337367298658e+00
1.026293197024821469e+00
1.027920780500653608e+00
1.025580172773770782e+00
1.027802072316976956e+00
1.027395479940117262e+00
1.027173005486083257e+00
1.026709748151290347e+00
1.027028343150413248e+00
1.028298769403474644e+00
1.028356974095249399e+00
1.030306643448654746e+00
1.029193347539079317e+00
1.028746801785717757e+00
1.028147953277030568e+00
1.027504672966907062e+00
1.026427557666986567e+00
1.025943762152762062e+00
1.024490436050376374e+00
1.024379507437224612e+00
1.024350102281457620e+00
1.024631293798388798e+00
1.022494161538560098e+00
1.025882618819278669e+00
1.024399059463964479e+00
1.024438049141868312e+00
1.024140739095486863e+00
1.023223345668317741e+00
1.025252018829980072e+00
1.023944024002162667e+00
1.024238050715490234e+00
1.023939592403038112e+00
1.025959232758577144e+00
1.024726337183785141e+00
1.027897891399685903e+00
1.028916991931010161e+00
1.029347500612488142e+00
1.029487028686408179e+00
1.029230490254680719e+00
1.031250358312293391e+00
1.030799770270386606e+00
1.029492080318521463e+00
1.029829352894594985e+00
1.031072330928314740e+00
1.030868086372244363e+00
1.029674743753786315e+00
1.029494746727503962e+00
1.028723531466640084e+00
1.028291630763341846e+00
1.028577925708612950e+00
1.028291636207916859e+00
1.028100952762618370e+00
1.028503820587293172e+00
1.029358761515190013e+00
1.027266632484320041e+00
1.030417724476200725e+00
1.028070569313054294e+00
1.026881508962910194e+00
1.028069236684554744e+00
1.026573748616128157e+00
1.027642965155057153e+00
1.027071326788859373e+00
1.026651023955002850e+00
1.023785738521284294e+00
1.025101006224854450e+00
1.026860942355618089e+00
1.027138995459126791e+00
1.026888336499431009e+00
1.027140302841142105e+00
1.026508114740346977e+00
1.025458314253303138e+00
1.025312175965217065e+00
1.025256041442824673e+00
1.024333738960028883e+00
1.024737388889767953e+00
1.023193226351043927e+00
1.024680612286243964e+00
1.026019903915703857e+00
1.024794512476806974e+00
1.023177971354505944e+00
1.025006047893944894e+00
1.026427011442346826e+00
1.027002742970848592e+00
1.027521966068444703e+00
1.028289813944256670e+00
1.028542861204616576e+00
1.029192507196449169e+00
1.028721278235654513e+00
1.025322430681196773e+00
1.026854082744547370e+00
1.027484275372137379e+00
1.025980565390794519e+00
1.025077213040445301e+00
1.026774688313415451e+00
1.029391439103524597e+00
1.029236045516920051e+00
1.026373392628786352e+00
1.028265352408066713e+00
1.027366890886200812e+00
1.027511327803216634e+00
1.028873202332796444e+00
1.029742605936417421e+00
1.029673823861351423e+00
1.030125354796116888e+00
1.030082329735246605e+00
1.027631236830838235e+00
1.029144236464819784e+00
1.029935082939457791e+00
1.028917745720960619e+00
1.028325388971491838e+00
1.029493369641499623e+00
1.028863624943073596e+00
1.028403070094876748e+00
1.028876772788128724e+00
1.029777055298163324e+00
1.028769656418744960e+00
1.029883445014972088e+00
1.030335526578030958e+00
1.030347325022778815e+00
1.031073704688773240e+00
1.029565474663529878e+00
1.029930360077197626e+00
1.029709014266173339e+00
1.028297196359229559e+00
1.028101413447084056e+00
1.027025212374565122e+00
1.026448867060226755e+00
1.024224547078865344e+00
1.023914950692211390e+00
1.024983793285976885e+00
1.024977071920638805e+00
1.024161588379238985e+00
1.023483274116086639e+00
1.021765203722598603e+00
1.022209293949851050e+00
1.020749639447973367e+00
1.021141725840599701e+00
1.022920082198897740e+00
1.022147156569700677e+00
1.022978188817800227e+00
1.022658432182653065e+00
1.022558914287072129e+00
1.022148624934902994e+00
1.025323105092148745e+00
1.024505577117022614e+00
1.027127137899096487e+00
1.027703018975324678e+00
1.028799540637356458e+00
1.030290805568720991e+00
1.028088499237101328e+00
1.028101631011208772e+00
1.028880328981601311e+00
1.028965580707579708e+00
1.029218912290876808e+00
1.028168455956122163e+00
1.028122293905052720e+00
1.028569189165205122e+00
1.029943334291417711e+00
1.027548436424680078e+00
1.028334904436155384e+00
1.027022719800502415e+00
1.025834978305346423e+00
1.026375520654483786e+00
1.026090472666369990e+00
1.024711362123035929e+00
1.026061225890454010e+00
1.026162205978228714e+00
1.027807394447388001e+00
1.028647359152691676e+00
1.027356616891949903e+00
1.029174650359804488e+00
1.029597018813476428e+00
1.028691546908583332e+00
1.029479903457284351e+00
1.029439252937009330e+00
1.028314967601565266e+00
1.027470203083376221e+00
1.027167136691033322e+00
1.027258036213739123e+00
1.026873829163091223e+00
1.026981051344792339e+00
1.026713193878977526e+00
1.027251313658369636e+00
1.027246355475111672e+00
1.029387285849453271e+00
1.026093175322489337e+00
1.024754525748826861e+00
1.026043437108908440e+00
1.026653588636783354e+00
1.025005838286964899e+00
1.027678605068537365e+00
1.028817528905052070e+00
1.028279084295815160e+00
1.027710482827431493e+00
1.028404580374795874e+00
1.027773130865952789e+00
1.028244258501036068e+00
1.026735943106826587e+00
1.028151714175771003e+00
1.025590505276328557e+00
1.027298707321554705e+00
1.027862701649614241e+00
1.027931132585524265e+00
1.028547679822666483e+00
1.024465772168222433e+00
1.027715716913695676e+00
1.028803227520578512e+00
1.029129937135379702e+00
1.025480084144135384e+00
1.027716118980245952e+00
1.025771196158732579e+00
1.025837375521202466e+00
1.028291454602204391e+00
1.028612790330656113e+00
1.027029101669889144e+00
1.028920112225938377e+00
1.029986774148633044e+00
1.030404556454783682e+00
1.029373748353796136e+00
1.027101703064667193e+00
1.026276481205371294e+00
1.025927772289967344e+00
1.023591598231948341e+00
1.023417060248297705e+00
1.027067447292014268e+00
1.027423139491271398e+00
1.024348861952471434e+00
1.022661761969170247e+00
1.025403403262082902e+00
1.024941224831941167e+00
1.025777603532421089e+00
1.028129356808775929e+00
1.028330926292266412e+00
1.027350272065919778e+00
1.029872911649493572e+00
1.029122420397162063e+00
1.029362340575332491e+00
1.030610013974976757e+00
1.030428148627563711e+00
1.029500508901051381e+00
1.031050812014838280e+00
1.028710485365118998e+00
1.031084727883309737e+00
1.030592289668918582e+00
1.028600229284455159e+00
1.029685968888162773e+00
1.030731411794052477e+00
1.029711269846601773e+00
1.029166859936071710e+00
1.028201844528397579e+00
1.027320938048835508e+00
1.028244908805824531e+00
1.027177888064100042e+00
1.027650537432142297e+00
1.027979828762351833e+00
1.028494678210545965e+00
1.027270098275162136e+00
1.028375096800219435e+00
1.027172657872404082e+00
1.025929279516289316e+00
1.027069597207781904e+00
1.026841544697947306e+00
1.027277535700404698e+00
1.024673863727308953e+00
1.023296394864154690e+00
1.025225664145281268e+00
1.027645160849490313e+00
1.023773068281419896e+00
1.026727124570150140e+00
1.027202159768373813e+00
1.025559324175578491e+00
1.027743120350369077e+00
1.025002312868882104e+00
1.024599364804974044e+00
1.026713020395913389e+00
1.025697172115740186e+00
1.026007731300047743e+00
1.029105196223594865e+00
1.025336816034160936e+00
1.028028640872689525e+00
1.029778874726520188e+00
1.028454197763400080e+00
1.029277635676620450e+00
1.029074107677112826e+00
1.027715739155794283e+00
1.029660057698700504e+00
1.029052106906582775e+00
1.026541075236818923e+00
1.028444594104673593e+00
1.027114893616809965e+00
1.028655408178525965e+00
1.028890167432591651e+00
1.025498808765496594e+00
1.025214369272887227e+00
1.025243301128194950e+00
1.026234117050021766e+00
1.027041083615012118e+00
1.027435882063161277e+00
1.026457842236197626e+00
1.027698717654425220e+00
1.026936870410531277e+00
1.026316609592692997e+00
1.024396611923416245e+00
1.028983804721142370e+00
1.028914487334944061e+00
1.025732568099716246e+00
1.023231065923972727e+00
1.029282556011205552e+00
1.026421714267798713e+00
1.028210089074370392e+00
1.029017093148125506e+00
1.028304008422966209e+00
1.029923896196885069e+00
1.031307786361768786e+00
1.028774697436739549e+00
1.031784947815646003e+00
1.030025279901503943e+00
1.029087572455184452e+00
1.031095789049645495e+00
1.029036245803507166e+00
1.029468454529053778e+00
1.030754804601089036e+00
1.030182368276369553e+00
1.030767230254688194e+00
1.028835600013191298e+00
1.029138175272298117e+00
1.030538103704898845e+00
1.028910914644045160e+00
1.028816948100452988e+00
1.028920880789247150e+00
1.027199551425383772e+00
1.027404542436953783e+00
1.026390252650385415e+00
1.027070153275096542e+00
1.027601253696277306e+00
1.026394799792904600e+00
1.026592514364851327e+00
1.025221018631304437e+00
1.024793335930950677e+00
1.024993857638798245e+00
1.025965266953430266e+00
1.024255777239669651e+00
1.023369148780004068e+00
1.023890754040623019e+00
1.028046864072932776e+00
1.023119265012153445e+00
1.025238284873677852e+00
1.026675670503869764e+00
1.028820046418453149e+00
1.028753214013971240e+00
1.030944074450488523e+00
1.029980957775108674e+00
1.028923774203674979e+00
1.029704745167363322e+00
1.026391471593962601e+00
1.029070454670404589e+00
1.028704476366177678e+00
1.027007685092157674e+00
1.028004099373332147e+00
1.029998688531390760e+00
1.030911505927291083e+00
1.030520843039244960e+00
1.028921403210252938e+00
1.028970180036248294e+00
1.029142432030220933e+00
1.029513815607622895e+00
1.030094255358072308e+00
1.030901442299723136e+00
1.031454165213619545e+00
1.031302554922882919e+00
1.028554917653319523e+00
1.030057693675244135e+00
1.028026103581945794e+00
1.029757585625644012e+00
1.027982627862768839e+00
1.026694442078304181e+00
1.025311804578905805e+00
1.026684834844543426e+00
1.028468037984749950e+00
1.026769547882735223e+00
1.024919963002730139e+00
1.024535477869097599e+00
1.025371039808284701e+00
1.026550210084813619e+00
1.027774346083795809e+00
1.028217115164291595e+00
1.028132724640834272e+00
1.025977891469603831e+00
1.026621806841230500e+00
1.026909597898408855e+00
1.027114575277822794e+00
1.025480326981246915e+00
1.027023009243540175e+00
1.025414761718747236e+00
1.026976902958806503e+00
1.025791634128474517e+00
1.025289893310195932e+00
1.025613442112667029e+00
1.026378310002032501e+00
1.026585685578192075e+00
1.026790069676530415e+00
1.028627097878946905e+00
1.028165285900028536e+00
1.028704823757828013e+00
1.025073399030156596e+00
1.028002466159385175e+00
1.026990858007544416e+00
1.029144529340406899e+00
1.028655526029276457e+00
1.028724653226129826e+00
1.025666959689633506e+00
1.027174773572994138e+00
1.027048726798508227e+00
1.027191316808025778e+00
1.026592819771164233e+00
1.025298880869947471e+00
1.026733131613936978e+00
1.025012878130405536e+00
1.025895342864290738e+00
1.025659819291100172e+00
1.023429341918156155e+00
1.024134262472952361e+00
1.023978783706149143e+00
1.026306773844381848e+00
1.023306965950449232e+00
1.024529000697591341e+00
1.024470414211255953e+00
1.023222854412183969e+00
1.023570193115318272e+00
1.021763513889777375e+00
1.021942135312141842e+00
1.019901873816703164e+00
1.020333419373932182e+00
1.021004265922368148e+00
1.021937056847977754e+00
1.026063676626105314e+00
1.026536107913774032e+00
1.028178393455033257e+00
1.028883255251574314e+00
1.026666683769596800e+00
1.027222340022977853e+00
1.030101167104298332e+00
1.030702850070644327e+00
1.028354742705501979e+00
1.031804982632629653e+00
1.033040844963010407e+00
1.032487465250653491e+00
1.032470854838431595e+00
1.033153138412064687e+00
1.033406639753246870e+00
1.034642711667513870e+00
1.032515777544871671e+00
1.032832214523425440e+00
1.032860126306480941e+00
1.031185741794096389e+00
1.030273159627892454e+00
1.030654446551090286e+00
1.028529131642508920e+00
1.033097683359889940e+00
1.030578393271279314e+00
1.031231031399206799e+00
1.029468834940143296e+00
1.031549731073963860e+00
1.028686442511206334e+00
1.030841576579356600e+00
1.029962589119225225e+00
1.031065854511552082e+00
1.029388171218072134e+00
1.028479114639186731e+00
1.027454066633544105e+00
1.025376414344118192e+00
1.028349208788478464e+00
1.026514955744228796e+00
1.027530306559376383e+00
1.025511570799906513e+00
1.024252945127989367e+00
1.025542397175570830e+00
1.025253437658726563e+00
1.026631356490089297e+00
1.025728470748434651e+00
1.027511486021625675e+00
1.025873381840677778e+00
1.025962004523219395e+00
1.026495223999585482e+00
1.027486223817744015e+00
1.026129264833920418e+00
1.024854674356428630e+00
1.024719475271640645e+00
1.023363931400768090e+00
1.023762991477051187e+00
1.020765128045019843e+00
1.020241397164654895e+00
1.020851907022388039e+00
1.020686991430610258e+00
1.022679868384209767e+00
1.022849554376560999e+00
1.023404372371815807e+00
1.025952502394386068e+00
1.027012710619755520e+00
1.025432174825699594e+00
1.026982604234907503e+00
1.026214113009538131e+00
1.025861398991871232e+00
1.021130941600361552e+00
1.024655877191972042e+00
1.022906645979336115e+00
1.021431923815048437e+00
1.020594036525436898e+00
1.024105063224395318e+00
1.024229809343864428e+00
1.024241822751259301e+00
1.025860884631203174e+00
1.022141940980880292e+00
1.024501517579732957e+00
1.027172196170799801e+00
1.027389747831063627e+00
1.025794065114415510e+00
1.023981729644910521e+00
1.022755865038847967e+00
1.024302954201375071e+00
1.024162495781138382e+00
1.026978081999346593e+00
1.027193391185169835e+00
1.022672483382654818e+00
1.027728788897912526e+00
1.026416951462422622e+00
1.029388348757777072e+00
1.029644473077455658e+00
1.028766570277562353e+00
1.027928516663189518e+00
1.030326640137967820e+00
1.029463955894744265e+00
1.028775448334055209e+00
1.028103648352556521e+00
1.028241547269362899e+00
1.028339976622162810e+00
1.030112011328494948e+00
1.028859270248001945e+00
1.030236592238381821e+00
1.029420451648344059e+00
1.029472852932875826e+00
1.031245257413603511e+00
1.029865665515522721e+00
1.028345895058448756e+00
1.031186647428615544e+00
1.029882547956997518e+00
1.029986152440134806e+00
1.031072995398049308e+00
1.031258823971076044e+00
1.030741378370461314e+00
1.027833184920464049e+00
1.027935704388328153e+00
1.029262227674261343e+00
1.029080638899444455e+00
1.029006038597782391e+00
1.026658078577045830e+00
1.030536854867266205e+00
1.028440410316120213e+00
1.028376375648844210e+00
1.029282574493714630e+00
1.029747036068638488e+00
1.027183000490888176e+00
1.029923599660170330e+00
1.029094196716629162e+00
1.026278213400850348e+00
1.028077497630083492e+00
1.026292719708274515e+00
1.027629734942738127e+00
1.026358069506355886e+00
1.026056788230166772e+00
1.027765001570360104e+00
1.027005938926489170e+00
1.028460212435224452e+00
1.027363243927363667e+00
1.027686980451952392e+00
1.030755947283316099e+00
1.029245326143494843e+00
1.031235140302162900e+00
1.029546987438819672e+00
1.031263262869035691e+00
1.030493376589465715e+00
1.029290599237008497e+00
1.029680710934154808e+00
1.025325464230714356e+00
1.026789431327738589e+00
1.026835709286716414e+00
1.029666151305276056e+00
1.027581665832429936e+00
1.027983055662676559e+00
1.024280665216059427e+00
1.028705585540483192e+00
1.027886996213740467e+00
1.026168482444197450e+00
1.026248553958934995e+00
1.027856596487763285e+00
1.029335015322839331e+00
1.028487903309459606e+00
1.029474066757426032e+00
1.030026385704402303e+00
1.029372363525607348e+00
1.030454551357630200e+00
1.029769446257634558e+00
1.029746241405888219e+00
1.029229551390334008e+00
1.028642229557506393e+00
1.027555759973091787e+00
1.025147590693756605e+00
1.026894976548479832e+00
1.025219866080262721e+00
1.025793849952987058e+00
1.023809946892879186e+00
1.024946574236028640e+00
1.023080194780173757e+00
1.022381414273488609e+00
1.023582474314828294e+00
1.023638798935437411e+00
1.022203843559957859e+00
1.023012877559098532e+00
1.021053250912856036e+00
1.022518117779033675e+00
1.021258369700095425e+00
1.023181651423085148e+00
1.021708681087756032e+00
1.024717214002010879e+00
1.022077596752952955e+00
1.024145226656816510e+00
1.022372634474345343e+00
1.024391940722325867e+00
1.023925516573536143e+00
1.024628517736326572e+00
1.025395663878184482e+00
1.023722493649303455e+00
1.024360367830307261e+00
1.026319522426114350e+00
1.022500379389810421e+00
1.024939264489064472e+00
1.023699722116911293e+00
1.023204288405472839e+00
1.023580406434034584e+00
1.025131150810401071e+00
1.022097378536607426e+00
1.024606827777007290e+00
1.025005380075316719e+00
1.023503554077381583e+00
1.025369003939998080e+00
1.023168097815941424e+00
1.024816653766087438e+00
1.023427404522603279e+00
1.026603323172176285e+00
1.025543959315689424e+00
1.025407143907157481e+00
1.027878909124919860e+00
1.027134120346648194e+00
1.025841860886104184e+00
1.028214924543808140e+00
1.030953192259971063e+00
1.028398881520498964e+00
1.027461911549113927e+00
1.031374332619824141e+00
1.027549988483339005e+00
1.026341828131381861e+00
1.029386204111641279e+00
1.028124452472523931e+00
1.026791722051000555e+00
1.024080417157706924e+00
1.027959346985581890e+00
1.026042359942167081e+00
1.023824814206260259e+00
1.028711225184899547e+00
1.025469963226379289e+00
1.026563083242493013e+00
1.020905586792656861e+00
1.022434589303373942e+00
1.021727564720470216e+00
1.017886122822779349e+00
1.023570811027208372e+00
1.020227553532371489e+00
1.019763320638074955e+00
1.025734253908271221e+00
1.024188423795505454e+00
1.025061793954843870e+00
1.025985604349674674e+00
1.026133961776407588e+00
1.029983970416095795e+00
1.025576037008543162e+00
1.028504024627487023e+00
1.025380693371576779e+00
1.026655855980839860e+00
1.027356866727565210e+00
1.024555534939379564e+00
1.024955322544001568e+00
1.026135239237254027e+00
1.022627987464669985e+00
1.023829958399055995e+00
1.025639694390057644e+00
1.022210103933836489e+00
1.026783205222819628e+00
1.027641448840090455e+00
1.020013508266404578e+00
1.028035237389685719e+00
1.025528402190378330e+00
1.028086809472351204e+00
1.027064677668895420e+00
1.025948110826225612e+00
1.023600643921874997e+00
1.026370436254252505e+00
1.025297501725075611e+00
1.023488787706485326e+00
1.030452422649279942e+00
1.033407744084530400e+00
1.031088540499725648e+00
1.028112820389243787e+00
1.029559200037051259e+00
1.032426556848298205e+00
1.030068002592096299e+00
1.027101767051745052e+00
1.028405811640144440e+00
1.029740893552588687e+00
1.027966576532373111e+00
1.028416366608117860e+00
1.025127610560937041e+00
1.028762591481238386e+00
1.026591462278421352e+00
1.026771990352809860e+00
1.026615533504874334e+00
1.028471465302727372e+00
1.025195352362725743e+00
1.023267369148118888e+00
1.023769290133586418e+00
1.029046454877482253e+00
1.021839614881307812e+00
1.022853191785269678e+00
1.019623839582005864e+00
1.022165089680385108e+00
1.023906349829912799e+00
1.017545199363754538e+00
1.019698006315534311e+00
1.021025976690314252e+00
1.019524603704859533e+00
1.023470724184295078e+00
1.023907062614592967e+00
1.019766118352856354e+00
1.020963898160887950e+00
1.023591439943546844e+00
1.019972507206421852e+00
1.024240188267522500e+00
1.022166734661849707e+00
1.025178785574180074e+00
1.023535257594692549e+00
1.022791005241526330e+00
1.016774242961316022e+00
1.021345137248834689e+00
1.020322420524164553e+00
1.021984363374982552e+00
1.018787972935986108e+00
1.020161064675291884e+00
1.023244443948205129e+00
1.025993584229452749e+00
1.025289555628516869e+00
1.028099256332565492e+00
1.030068863507884513e+00
1.030192753889494162e+00
1.028546288001844555e+00
1.031847284192674463e+00
1.029344044306044426e+00
1.033439745254272069e+00
1.031299610424994295e+00
1.029507746111264499e+00
1.025900258241016383e+00
1.031856218412282145e+00
1.030390123596053753e+00
1.029221321289870206e+00
1.034085432834960683e+00
1.034323449759993130e+00
1.035312517805296872e+00
1.032757178917915297e+00
1.036254455272044961e+00
1.035688306097305666e+00
1.034415813031008380e+00
1.032327993681759981e+00
1.031193376793051897e+00
1.033749163774735580e+00
1.029773681776747996e+00
1.033537487130325117e+00
1.026535718451744739e+00
1.030155790063598253e+00
1.026504512493208843e+00
1.024878154688967591e+00
1.026014550378393286e+00
1.026830335740367195e+00
1.026248816424523369e+00
1.024241145982013546e+00
1.021699981439663674e+00
1.024373928584968674e+00
1.026600302126151387e+00
1.023820869128551747e+00
1.026452011546486132e+00
1.024616983599401898e+00
1.026881352446945783e+00
1.023942012077961650e+00
1.023847758658170237e+00
1.021136414755202004e+00
1.021597033125455800e+00
1.019414704760135404e+00
1.022318472730056049e+00
1.017562219501317866e+00
1.023208402133600314e+00
1.023397554072122739e+00
1.021009709678932786e+00
1.021201929633669403e+00
1.020707279368103348e+00
1.025152892514107794e+00
1.017468995327343251e+00
1.018546040421790311e+00
1.015643095368496951e+00
1.016821858266562462e+00
1.013408035871986801e+00
1.013932394228000966e+00
1.013992189297860280e+00
1.015877660071900834e+00
1.015672028282150308e+00
1.010590402001010135e+00
1.010759672164616374e+00
1.012443583665304958e+00
1.015875422843482534e+00
1.011221206604965506e+00
1.010078662731701993e+00
1.015123476196480246e+00
1.014541815847779915e+00
1.016331982607168172e+00
1.013469841487778522e+00
1.014497080761567194e+00
1.019927966901802208e+00
1.014701061538294757e+00
1.015874240192040201e+00
1.019381495122869019e+00
1.016959808127152476e+00
1.024834083851706046e+00
1.021113179150007877e+00
1.024623499467308463e+00
1.015446808059587536e+00
1.018293031120607539e+00
1.018405899974722972e+00
1.021211113102197920e+00
1.023828763761856608e+00
1.024973315836836818e+00
1.020112308230910259e+00
1.019944831441927047e+00
1.024565830322576643e+00
1.022262281209874946e+00
1.017561490622727494e+00
1.020159853804745831e+00
1.018811169610623235e+00
1.014080401742869286e+00
1.015736407355759985e+00
1.012409849251536542e+00
1.014194442477385216e+00
1.015846557053993626e+00
1.012410346201271905e+00
1.006937016396343365e+00
1.009871325365642836e+00
1.010098334799603315e+00
1.011313762605946298e+00
1.007550998012347820e+00
1.007641368617043787e+00
1.008929338428387057e+00
1.012033551839654377e+00
1.001532841919381855e+00
1.012568760111381527e+00
1.009415519343671352e+00
1.004817530307698492e+00
1.000811885317365091e+00
1.009735172322830721e+00
1.000479564253426767e+00
1.011456238219148762e+00
1.008056426707068853e+00
1.009603009235525040e+00
1.011921405508878102e+00
1.001830632167759472e+00
9.978301009364640706e-01
1.004817423595929293e+00
1.007081107910696716e+00
1.008207907608746234e+00
1.004814381390280342e+00
1.012606364948648530e+00
1.003367675312508700e+00
1.005439581067991694e+00
1.009913325253783967e+00
1.012419899541144641e+00
1.006099669123316831e+00
1.014468167883525895e+00
1.014554095140269174e+00
1.014603092088707470e+00
1.003176205684420008e+00
1.002919412139570587e+00
1.004592938364510024e+00
1.011178871514162525e+00
1.015200124943676396e+00
1.008135436488879266e+00
1.004864389685081072e+00
1.010634482311349114e+00
1.003242272718361638e+00
1.002050974796808713e+00
1.003789739027292072e+00
1.000633615221196537e+00
9.998104959508524736e-01
1.000351536866177948e+00
1.010898527141537384e+00
9.952149370695400066e-01
9.999454094947721750e-01
1.006054266823056764e+00
1.005849194944828273e+00
1.015641879931831859e+00
1.003838608603349947e+00
1.010106648441493782e+00
1.013546229632755757e+00
1.015100805879838308e+00
1.001211878675523970e+00
1.009244391064356039e+00
1.006098304689723832e+00
1.013390208403639914e+00
1.012195555607788622e+00
1.021618578892302232e+00
1.024055671077228169e+00
1.023816374170256394e+00
1.029924115431236853e+00
1.036565059758321583e+00
1.034306948343579613e+00
1.033450178959539612e+00
1.034410989372255729e+00
1.030231525080411492e+00
1.036741029119214730e+00
1.030834710525477149e+00
1.035380469435450701e+00
1.039137840559678505e+00
1.043361662663156775e+00
1.041308174723588165e+00
1.040018293575943442e+00
1.048555911136434204e+00
1.046593082755792103e+00
1.049310923700249365e+00
1.043932324839554227e+00
1.042458972491618896e+00
1.042958882663167719e+00
1.035867407685945096e+00
1.035402211090159286e+00
1.037414637123521111e+00
1.034664953844546043e+00
1.035132548403043140e+00
1.030590467788848663e+00
1.034873621825181056e+00
1.028854631066280945e+00
1.032667774610815936e+00
1.026218933594963856e+00
1.025146515502972644e+00
1.020263656817455233e+00
1.018765469703407200e+00
1.021287475632865815e+00
1.021341166748082951e+00
1.019452551101338589e+00
1.017261469666403739e+00
1.016506864666142818e+00
1.017451170541072480e+00
1.016361809880184763e+00
1.020517298368676773e+00
1.011235644508872156e+00
1.016288599862487319e+00
1.017121434747586095e+00
1.014865650027255040e+00
1.010587900610362855e+00
1.015903225389877207e+00
1.021630399629339214e+00
1.007701612132175129e+00
1.013829807470285616e+00
1.014146887055926705e+00
1.009745333572889425e+00
1.014624410922346343e+00
1.012114062934852399e+00
1.024614064115585199e+00
1.018743528702890089e+00
1.025942987789559391e+00
1.025131623081741772e+00
1.022759038375303131e+00
1.031607607552562422e+00
1.028431092207115150e+00
1.025051078812530436e+00
1.027545078692966740e+00
1.014647246389601909e+00
1.023168334369429333e+00
1.017074187815379505e+00
1.018224894542536063e+00
1.010605080296361979e+00
1.005588206934118656e+00
1.005006472317711452e+00
1.005970077153939712e+00
1.004959774864170763e+00
1.007431146660233701e+00
1.000805014716169561e+00
1.010569153053969327e+00
1.015071227735655501e+00
9.970666069342973836e-01
9.998683245217544480e-01
1.005447594161873237e+00
1.009870152381737274e+00
1.000581443487118527e+00
1.002788074883736558e+00
1.003445727205977356e+00
1.000154840252183819e+00
1.003056666234151573e+00
9.922683315576220631e-01
1.004931246684186874e+00
1.005247969442928380e+00
1.008648781890957746e+00
1.001149320370444684e+00
1.002133667074024403e+00
1.007727180509310427e+00
9.925157094653280776e-01
9.956519654463967806e-01
1.010975129810435247e+00
1.000730462398101261e+00
1.000289527091387187e+00
1.010729028323803735e+00
1.009502323678598712e+00
1.007622542537875754e+00
1.012661520323208997e+00
1.013584515419589271e+00
1.023123141089989918e+00
1.010959047937098454e+00
1.019994501601013237e+00
1.014379193498623710e+00
1.029538580066663211e+00
1.021021740468333272e+00
1.026888762359716489e+00
1.024974793096004921e+00
1.020353756967088632e+00
1.023641007515615708e+00
1.016137116853593092e+00
1.011031222123871753e+00
1.017443711022590458e+00
1.008938421091142068e+00
1.013456666593745892e+00
1.013469924223985075e+00
1.013206933356426198e+00
1.012268041417560660e+00
1.010798996134870675e+00
1.007193063194777860e+00
1.002465109923546427e+00
1.001752884559899082e+00
1.006849005565462418e+00
1.004418991959844965e+00
1.003560723254066200e+00
1.005515478017445563e+00
9.973475078452521680e-01
9.988790280921271414e-01
9.978760918486403453e-01
9.974262038960098886e-01
9.949537480349252005e-01
9.986617992655949516e-01
9.982232662608104823e-01
1.000998897572386248e+00
1.001690327752799314e+00
9.918072692385745404e-01
9.922182165359978434e-01
1.000648147692378753e+00
9.912945407629775163e-01
9.969741907521415536e-01
1.002437822658342581e+00
9.924753021180867663e-01
9.861683240471742495e-01
9.894190147155272896e-01
9.910691476664514887e-01
9.946512701212320007e-01
9.984953691799673958e-01
9.869787279487399756e-01
9.826465317548029876e-01
9.967230497549720569e-01
9.960496064840598240e-01
9.950489902528313335e-01
1.001611415897216029e+00
1.007042404527438872e+00
9.952947648873858855e-01
1.004629949942793976e+00
1.003753913415432075e+00
9.947141645098757090e-01
1.007474590634653167e+00
1.004112770981526070e+00
9.956037106857165142e-01
1.000938843305664960e+00
9.982705272822103293e-01
1.005892488234243931e+00
1.002457884526244181e+00
9.981869369737899067e-01
9.980269186762101841e-01
9.969382359942806637e-01
1.006362855790709609e+00
1.013710706595404965e+00
1.001751836264519691e+00
1.009715184975039648e+00
1.000717176760232086e+00
1.011759358595133662e+00
1.008433711256464971e+00
1.003970285268268148e+00
1.007707638702430630e+00
1.009935505000082889e+00
1.004310890787955657e+00
1.005072252870695237e+00
9.983266488851201270e-01
1.009102755612418356e+00
1.004314052331342522e+00
1.008548035039038560e+00
1.004453602797870104e+00
1.006477415784826190e+00
1.006747752740313029e+00
1.010270741149649654e+00
1.005029033540246086e+00
1.014493902514257195e+00
1.014238535617814074e+00
1.010242131872668647e+00
1.002484248108381548e+00
9.998547198214020604e-01
1.004786697768854875e+00
1.011436064607504681e+00
9.915994204670577350e-01
1.002124628652723892e+00
1.000228052120112565e+00
9.990717749400516157e-01
9.909335417438774885e-01
9.914185446683690950e-01
9.940474844802398291e-01
9.983835688489991478e-01
9.908698901282515514e-01
9.948807897048608240e-01
9.873270411729615503e-01
9.953991117133677013e-01
9.871780479594510771e-01
9.835279807732675295e-01
9.796012239184664905e-01
9.844519852464772569e-01
9.946273182611024000e-01
9.911295931471207910e-01
9.861874469154230383e-01
9.897748553872514066e-01
9.905197609369398304e-01
9.884416410478764625e-01
9.785156576624413072e-01
9.829522903673018064e-01
9.862198596855812349e-01
9.907928852505833994e-01
9.857280752059810469e-01
9.907815079435824401e-01
9.973815625029636145e-01
9.950055885731232674e-01
9.955195583872409326e-01
9.939896293170833452e-01
9.991386842657818956e-01
9.942876835019962556e-01
1.003773553186255274e+00
1.008286267001043512e+00
9.934891758760300284e-01
9.971470138199920452e-01
1.001182411863994037e+00
1.001375079921017486e+00
1.001085385978738307e+00
9.974438909007323772e-01
9.928288002223707442e-01
1.010451258811418063e+00
1.004377240032600316e+00
1.001467508622482239e+00
1.001818549975782346e+00
9.966326056389338550e-01
1.001663724558748081e+00
9.969555314586424632e-01
9.922257253853636882e-01
9.978103147159540498e-01
9.840492443217624396e-01
9.899775242512746098e-01
9.833309057258161623e-01
9.796877333562673540e-01
9.815833228336150462e-01
9.893358375611023270e-01
9.825568089838496721e-01
9.808776211430972891e-01
9.769130139285847614e-01
9.858977730532796357e-01
9.812740387131061448e-01
9.732139765649093777e-01
9.739723693428955498e-01
9.705676043270290432e-01
9.817600489555636800e-01
9.778384462025662138e-01
9.762790220989334689e-01
9.739320019869869283e-01
9.593165119574360578e-01
9.730041643876368163e-01
9.691146987587859751e-01
9.677786254628888418e-01
9.734383069448053760e-01
9.925972055102731950e-01
9.854129284272753475e-01
9.794066784313306684e-01
9.777125346488215740e-01
9.815403810857181721e-01
9.958132848601370934e-01
9.864759828848672640e-01
9.823150361651104001e-01
9.958657418908214431e-01
1.004347510878343064e+00
9.942560735044793097e-01
9.900075432914910989e-01
9.969893720358125044e-01
1.006230373126447697e+00
1.005154972495302834e+00
1.006887601721583536e+00
1.005874945073919058e+00
1.018954736148084628e+00
9.958891747162067487e-01
9.932005053629485714e-01
9.948396257249891850e-01
9.864790812835968481e-01
9.858250733106707075e-01
9.830007064781423054e-01
9.793046720144027439e-01
9.774914479732830230e-01
9.792991214638807618e-01
9.756079017777758988e-01
9.779217660106930277e-01
9.762777216520401868e-01
9.794903200949045541e-01
9.795715022312412312e-01
9.768261896959939961e-01
9.707560899936932275e-01
9.745469521921523715e-01
9.732771688417761746e-01
9.838419147653072461e-01
9.761197644497933146e-01
9.675993165244993754e-01
9.612690240966096367e-01
9.640310331893121587e-01
9.706408335552255684e-01
9.687850268646004404e-01
9.647764166459746882e-01
9.714866387486218446e-01
9.694941009626125705e-01
9.766660417614373424e-01
9.718113808342876414e-01
9.810061990783779384e-01
9.655280138646759047e-01
9.636078036033937089e-01
9.635778056278416770e-01
9.729374177004493918e-01
9.635384599510257164e-01
9.766075350997664994e-01
9.671517579941377729e-01
9.776285344869126703e-01
9.745360343796597435e-01
9.677754275137321338e-01
9.672596703455955680e-01
9.690061547627047966e-01
9.762340155720918844e-01
9.698384228073410052e-01
9.730154937031471052e-01
9.535019882943500669e-01
9.603630120243107360e-01
9.530645597268200264e-01
9.407204711326757618e-01
9.367954599475349919e-01
9.378126718880747115e-01
9.373103261167159417e-01
9.329054358327790730e-01
9.363563239712493491e-01
9.330070441231621547e-01
9.345577592133677003e-01
9.345631630302684290e-01
9.452808265277826694e-01
9.414280726938738519e-01
9.413616590341319368e-01
9.316291195271159120e-01
9.388326917269369520e-01
9.423741559988982885e-01
9.439331151689988042e-01
9.319117889189491022e-01
9.434426057697039569e-01
9.410413974920447400e-01
9.464804264550923385e-01
9.556063087135994172e-01
9.624942960233948686e-01
9.438462877365754178e-01
9.569647167909800523e-01
9.677469970566370261e-01
9.675385619898796419e-01
9.514337898540816685e-01
9.476261548068879437e-01
9.663911984654960374e-01
9.758529767753382211e-01
9.781841814614642416e-01
9.986889585440322792e-01
9.791334577018909746e-01
1.004058845339387940e+00
1.000523002832593988e+00
1.004319950647757809e+00
9.976265360847897945e-01
9.994681740460895636e-01
1.002837344990235913e+00
9.898261468405481489e-01
9.833287593350349409e-01
9.807744070305004502e-01
9.949179877428397933e-01
9.680539051858079169e-01
9.613941873965190510e-01
9.636857884186096346e-01
9.692046467800191634e-01
9.709008955660678453e-01
9.653674361981248175e-01
9.578656686414956933e-01
9.620125415108805589e-01
9.670762281264597693e-01
9.621982099333606930e-01
9.541829420977011589e-01
9.526964717040936614e-01
9.555748472096764479e-01
9.499704905504998687e-01
9.482365799409812057e-01
9.504573602336494620e-01
9.570044238014808746e-01
9.583976263969198328e-01
9.510902551098177060e-01
9.405231802814700837e-01
9.453117669168396020e-01
