2.302161809263299830e+00
2.295572549510976224e+00
2.287300359050171039e+00
2.277576178394233430e+00
2.266613032501911817e+00
2.254605017498396702e+00
2.241726713706852614e+00
2.228133613989595307e+00
2.213964095718002234e+00
2.199339113671305856e+00
2.184364328603122907e+00
2.169130358799366221e+00
2.153716217916287423e+00
2.138188495685454882e+00
2.122604618968536805e+00
2.107012970966589904e+00
2.091453749933077866e+00
2.075961808934792430e+00
2.060564747547930509e+00
2.045286511309388100e+00
2.030145479351490145e+00
2.015157697147431648e+00
2.000334586331493192e+00
1.985685413692758861e+00
1.971216937608596176e+00
1.956933644432560016e+00
1.942838675890042666e+00
1.928932846139328250e+00
1.915217239052583453e+00
1.901690326050975655e+00
1.888351291780736130e+00
1.875198358135794052e+00
1.862228441799917089e+00
1.849440325356829895e+00
1.836831426575451509e+00
1.824399569348553740e+00
1.812142935196778160e+00
1.800060171369264328e+00
1.788149509913313784e+00
1.776410207263847463e+00
1.764841378429178764e+00
1.753442591006786566e+00
1.742213306524193372e+00
1.731152880438966202e+00
1.720261761278921497e+00
1.709538140718072308e+00
1.698982513749546452e+00
1.688593107404008364e+00
1.678368740697222083e+00
1.668308173040306652e+00
1.658409057634796735e+00
1.648669427527415188e+00
1.639086649005132568e+00
1.629657754975043726e+00
1.620379444964367588e+00
1.611248643779568335e+00
1.602261657963344410e+00
1.593414829415045864e+00
1.584704464677371138e+00
1.576126809673036089e+00
1.567678218425387904e+00
1.559354949996476059e+00
1.551153465494940153e+00
1.543070404843355004e+00
1.535101980638458263e+00
1.527245189415356030e+00
1.519496577150662775e+00
1.511853165642814023e+00
1.504311964566248605e+00
1.496870067448043518e+00
1.489524354660026084e+00
1.482272145008518782e+00
1.475110760345855088e+00
1.468037674044298857e+00
1.461050374646121641e+00
1.454146302197609764e+00
1.447323693822749391e+00
1.440580287591051167e+00
1.433914524703765458e+00
1.427324417005633395e+00
1.420808596635836807e+00
1.414365968493450865e+00
1.407994973779727044e+00
1.401694686114352884e+00
1.395463891187114003e+00
1.389301852540292259e+00
1.383207523568948716e+00
1.377180036482078318e+00
1.371218499240684174e+00
1.365321936968468597e+00
1.359489683921016656e+00
1.353720705617385889e+00
1.348014252460524309e+00
1.342369527372731408e+00
1.336785532245053254e+00
1.331261481108449107e+00
1.325796494047918106e+00
1.320389952799693400e+00
1.315041048162078674e+00
1.309748828491431372e+00
1.304512615919340535e+00
1.299331767934047477e+00
1.294205630915133520e+00
1.289133455265546679e+00
1.284114765163466121e+00
1.279148716050542589e+00
1.274234880600940922e+00
1.269372437488967442e+00
1.264561101830731671e+00
1.259800469533054024e+00
1.255089648556937387e+00
1.250428139847904463e+00
1.245815741359365569e+00
1.241251597424312791e+00
1.236735374662869758e+00
1.232266657873197557e+00
1.227844781310881705e+00
1.223469388363390475e+00
1.219140039580892232e+00
1.214856295513554674e+00
1.210617383331670238e+00
1.206423232321935046e+00
1.202273081778637343e+00
1.198166766027176644e+00
1.194103559718493246e+00
1.190083214340686313e+00
1.186105266195931041e+00
1.182169168749102051e+00
1.178274661364302034e+00
1.174421018692471730e+00
1.170608206392296013e+00
1.166835511238712098e+00
1.163102648347829282e+00
1.159409237874460707e+00
1.155754602457863989e+00
1.152138707249055427e+00
1.148560910751613484e+00
1.145020773515705859e+00
1.141517975300790688e+00
1.138052206974984326e+00
1.134622922510830634e+00
1.131229658718173381e+00
1.127872237798415389e+00
1.124550136956755875e+00
1.121263083433300611e+00
1.118010399867307658e+00
1.114792146371089698e+00
1.111607585979260016e+00
1.108456505536569381e+00
1.105338345876227368e+00
1.102253144385560768e+00
1.099200139851189473e+00
1.096179201955164384e+00
1.093189867507329716e+00
1.090231887488115614e+00
1.087304857804342051e+00
1.084408481955791093e+00
1.081542355849282711e+00
1.078706147120278125e+00
1.075899713326832208e+00
1.073122412972523199e+00
1.070374234948691772e+00
1.067654763038161647e+00
1.064963677000390296e+00
1.062300584358526034e+00
1.059665319437967490e+00
1.057057597354825074e+00
1.054477037756242241e+00
1.051923344142001504e+00
1.049396374070157290e+00
1.046895759311850416e+00
1.044421095773901076e+00
1.041972348607325793e+00
1.039549113718944540e+00
1.037151094100870585e+00
1.034777909400248275e+00
1.032429549016086856e+00
1.030105762913479772e+00
1.027806087902270571e+00
1.025530477009479524e+00
1.023278442289289103e+00
1.021050044869350026e+00
1.018844677594555215e+00
1.016662329356245120e+00
1.014502810231826757e+00
1.012365668647471129e+00
1.010250905110847475e+00
1.008157912974517068e+00
1.006086967029047985e+00
1.004037424762681541e+00
1.002009382152051487e+00
1.000002339635012616e+00
9.980161668936162744e-01
9.960507694742339879e-01
9.941058619853069267e-01
9.921811832832689859e-01
9.902764838408819603e-01
9.883916570805209023e-01
9.865264297346236777e-01
9.846805164116310127e-01
9.828540135958455659e-01
9.810464212174535570e-01
9.792576685631508848e-01
9.774875061056992331e-01
9.757358272674739874e-01
9.740022991762679050e-01
9.722868511187768847e-01
9.705891977034420970e-01
9.689093156976078536e-01
9.672469199635495007e-01
9.656016773752253979e-01
9.639736601689454787e-01
9.623625710829885049e-01
9.607682201947610467e-01
9.591905246669626406e-01
9.576292109781965323e-01
9.560841488105138453e-01
9.545551719816451897e-01
9.530419592357111114e-01
9.515446542838282840e-01
9.500628883894686183e-01
9.485964832463666951e-01
9.471453800113802668e-01
9.457093170332747656e-01
9.442882235987460904e-01
9.428819451418527509e-01
9.414903154803253571e-01
9.401130254822809285e-01
9.387500993957119677e-01
9.374013829085113825e-01
9.360666739740891584e-01
9.347458778849827565e-01
9.334387925946023845e-01
9.321453471358096543e-01
9.308652798573697762e-01
9.295985675266271731e-01
9.283449959729954681e-01
9.271045540878155578e-01
9.258768847508871414e-01
9.246619288652342394e-01
9.234598061478149766e-01
9.222699569241704642e-01
9.210926082503865242e-01
9.199275103453905533e-01
9.187744609087582504e-01
9.176334488318302895e-01
9.165042836843445562e-01
9.153867396793869959e-01
9.142808648052745957e-01
9.131866476995136317e-01
9.121036478969353212e-01
9.110319492501770533e-01
9.099713138483281893e-01
9.089217540692196007e-01
9.078831393410681239e-01
9.068553150979322686e-01
9.058381030335460604e-01
9.048315155257404818e-01
9.038353505279254074e-01
9.028496557745835371e-01
9.018739673140558910e-01
9.009085116947594951e-01
8.999532060793938859e-01
8.990077052179211714e-01
8.980720333583340764e-01
8.971460836691738105e-01
8.962297730593055123e-01
8.953229946972705022e-01
8.944255821469648815e-01
8.935375596563817080e-01
8.926587367952586449e-01
8.917890544666194907e-01
8.909283581045227551e-01
8.900766242224784630e-01
8.892337578591900105e-01
8.883996044487155741e-01
8.875740927700827010e-01
8.867572352011220405e-01
8.859488175712473268e-01
8.851487805296479605e-01
8.843570649793478511e-01
8.835735878292122480e-01
8.827982657342722250e-01
8.820309325122582811e-01
8.812715406825221143e-01
8.805201263632186359e-01
8.797764513896030314e-01
8.790405162693437635e-01
8.783121305721788286e-01
8.775914971062008796e-01
8.768781635360788362e-01
8.761723920207160621e-01
8.754737660891019901e-01
8.747824885493292735e-01
8.740984523161049458e-01
8.734213717440356683e-01
8.727513781664073544e-01
8.720884243564059890e-01
8.714321885504834331e-01
8.707828500702426977e-01
8.701402899602284080e-01
8.695043415305026002e-01
8.688750527693822612e-01
8.682521380314742743e-01
8.676359430744851053e-01
8.670259557046046117e-01
8.664222835147943336e-01
8.658250041687768350e-01
8.652338379562396486e-01
8.646488088713413234e-01
8.640698397580283130e-01
8.634968890707331868e-01
8.629299214528040052e-01
8.623687343499822910e-01
8.618135189540327978e-01
8.612639176370872063e-01
8.607200560511844012e-01
8.601819045209192494e-01
8.596493381557555047e-01
8.591222201949947346e-01
8.586004672936677906e-01
8.580843121891073011e-01
8.575734452417613785e-01
8.570678904457884606e-01
8.565675706451351124e-01
8.560723965597512031e-01
8.555824280481156840e-01
8.550974687448855693e-01
8.546176081839450545e-01
8.541426260057924935e-01
8.536726834729533309e-01
8.532075124914432207e-01
8.527472206542240363e-01
8.522917127461644426e-01
8.518408816819714735e-01
8.513948051253673599e-01
8.509532926460897651e-01
8.505163086336525735e-01
8.500839844213416985e-01
8.496559567000416813e-01
8.492324757584936989e-01
8.488133214910303925e-01
8.483986311660187685e-01
8.479881962941192564e-01
8.475819871999265009e-01
8.471799863320318424e-01
8.467821580799488324e-01
8.463884846384344129e-01
8.459988470520333204e-01
8.456131441705333485e-01
8.452316206014289790e-01
8.448540141858168484e-01
8.444802774430486547e-01
8.441103747626381715e-01
8.437443660030643500e-01
8.433821260199565462e-01
8.430237028016318579e-01
8.426688401242679038e-01
8.423177885304402590e-01
8.419703395308093530e-01
8.416264993142904549e-01
8.412861189961887698e-01
8.409494191898403415e-01
8.406161498603381688e-01
8.402863050726012695e-01
8.399598373459813416e-01
8.396367588044745256e-01
8.393171231176446145e-01
8.390007517253916802e-01
8.386876149523104784e-01
8.383777545978025048e-01
8.380711172461384750e-01
8.377675540126234832e-01
8.374671663013039113e-01
8.371699662361762329e-01
8.368757989974646705e-01
8.365847123196517021e-01
8.362965991174442504e-01
8.360114952551628287e-01
8.357292518481128640e-01
8.354501313090316739e-01
8.351736748598386217e-01
8.349002341933213778e-01
8.346294756757696165e-01
8.343616498497589129e-01
8.340965719662738476e-01
8.338342004797472118e-01
8.335745116498545215e-01
8.333175890753993231e-01
8.330633553464936725e-01
8.328116675135235347e-01
8.325626091752924562e-01
8.323160255120245488e-01
8.320721490072178206e-01
8.318307593013705148e-01
8.315917193799501339e-01
8.313552975907750886e-01
8.311212913795870127e-01
8.308896710709806621e-01
8.306605380690023077e-01
8.304336838843124902e-01
8.302091384461507406e-01
8.299871283029340852e-01
8.297672602163074229e-01
8.295495878558345471e-01
8.293343080945273504e-01
8.291211706436445450e-01
8.289102591019893440e-01
8.287014960596739144e-01
8.284949292511808450e-01
8.282905290011048915e-01
8.280881464247513701e-01
8.278878947963286272e-01
8.276897981099953228e-01
8.274936656816548330e-01
8.272995274405469113e-01
8.271074311211540353e-01
8.269173529831520542e-01
8.267292037464910592e-01
8.265430370807346216e-01
8.263587100362691507e-01
8.261763180820598240e-01
8.259958374777826018e-01
8.258172026837116153e-01
8.256404376940053025e-01
8.254654769689379057e-01
8.252922967681851629e-01
8.251209388911487919e-01
8.249513855325855127e-01
8.247834937428817348e-01
8.246173708611647113e-01
8.244529931471105133e-01
8.242903009960740324e-01
8.241293124671330572e-01
8.239699620205614972e-01
8.238121781815526123e-01
8.236561100886354847e-01
8.235016266623583769e-01
8.233487219676401958e-01
8.231974259337206945e-01
8.230476074811481357e-01
8.228994335536945481e-01
8.227528208063912274e-01
8.226076322247053429e-01
8.224639870179264456e-01
8.223217959060046267e-01
8.221810529538586820e-01
8.220417880907282537e-01
8.219039535821305309e-01
8.217675615520620980e-01
8.216324987263142754e-01
8.214988605738524630e-01
8.213666470946767717e-01
8.212357690087370710e-01
8.211062799855970429e-01
8.209781026153688543e-01
8.208512250278904299e-01
8.207256353529995829e-01
8.206013753900980312e-01
8.204783677292978306e-01
8.203566183056799632e-01
8.202361511134029781e-01
8.201169661524667642e-01
8.199989382785008996e-01
8.198820974207448042e-01
8.197665568534070468e-01
8.196521854970357790e-01
8.195389774165502406e-01
8.194269148067071518e-01
8.193159798622633438e-01
8.192062321878635922e-01
8.190975884385389705e-01
8.189900963487720675e-01
8.188837677887250699e-01
8.187783823988963317e-01
8.186741249283011612e-01
8.185709239021327077e-01
8.184688807244373532e-01
8.183678643157634713e-01
8.182678150714662868e-01
8.181688940002369570e-01
8.180708448782532116e-01
8.179739716638201319e-01
8.178780121980341322e-01
8.177830260855403210e-01
8.176889955210953076e-01
8.175959741742629960e-01
8.175038905702363135e-01
8.174127924434980708e-01
8.173226201894034926e-01
8.172333500676283169e-01
8.171450357477363369e-01
8.170576116900016839e-01
8.169710123546986003e-01
8.168854106206802079e-01
8.168006576032519339e-01
8.167166518983671741e-01
8.166336022491998969e-01
8.165514490511052159e-01
8.164701148941954090e-01
8.163896057135513473e-01
8.163098440992851978e-01
8.162310684699759511e-01
8.161530166667204655e-01
8.160757005596808167e-01
8.159992692873859754e-01
8.159235559060636911e-01
8.158486558846794745e-01
8.157745096185884393e-01
8.157010456329838455e-01
8.156285619510893481e-01
8.155566861073338947e-01
8.154855880130300605e-01
8.154151454913479702e-01
8.153454122118510838e-01
8.152764329414817768e-01
8.152081451080546159e-01
8.151405427764887301e-01
8.150736736812665972e-01
8.150074752502030062e-01
8.149419415482168638e-01
8.148771769468950987e-01
8.148129489627398137e-01
8.147494871117082482e-01
8.146864666627121609e-01
8.146243256210483619e-01
8.145626885536051409e-01
8.145017820087995242e-01
8.144414242051566388e-01
8.143816092075955027e-01
8.143225694996140129e-01
8.142640011229074215e-01
8.142060769563289613e-01
8.141487880972569924e-01
8.140920153364019640e-01
8.140358719479724448e-01
8.139803430942657014e-01
8.139253155010733876e-01
8.138708250327160165e-01
8.138169998011046680e-01
8.137635954525791471e-01
8.137108326004756087e-01
8.136584846963768047e-01
8.136068378933447587e-01
8.135555793304527494e-01
8.135048371196120787e-01
8.134547126648690174e-01
8.134051522966598835e-01
8.133559593958072931e-01
8.133073783159712189e-01
8.132592183730553703e-01
8.132114825346001830e-01
8.131643914139418117e-01
8.131176529229371397e-01
8.130714936100034151e-01
8.130258002009319585e-01
8.129803760765453857e-01
8.129355758971718027e-01
8.128912267839579764e-01
8.128473138992011737e-01
8.128038402104420523e-01
8.127608534521632011e-01
8.127183476892836378e-01
8.126761470754095829e-01
8.126343619172088362e-01
8.125931084564306239e-01
8.125521453069551869e-01
8.125117675244659665e-01
8.124717277877622212e-01
8.124320797664076332e-01
8.123928890001281822e-01
8.123540184743911485e-01
8.123155426315438188e-01
8.122774317961809487e-01
8.122398259503758045e-01
8.122024688703062267e-01
8.121655960070106595e-01
8.121290851836591163e-01
8.120928827306878039e-01
8.120570930196836512e-01
8.120217071480251292e-01
8.119864955997547762e-01
8.119518100676600403e-01
8.119174658027256131e-01
8.118834539023299657e-01
8.118497832690946270e-01
8.118164957024212036e-01
8.117834779281012381e-01
8.117508461878837345e-01
8.117184723698575022e-01
8.116864131111269920e-01
8.116548442580857614e-01
8.116233545133015870e-01
8.115924088437705963e-01
8.115616496216240261e-01
8.115311901210704448e-01
8.115011406487777634e-01
8.114713283258928600e-01
8.114417501848749659e-01
8.114126416767628580e-01
8.113836958757110196e-01
8.113550319910091124e-01
8.113267066597611432e-01
8.112985977051372366e-01
8.112708869086121544e-01
8.112433806185489482e-01
8.112162039793183732e-01
8.111892884836537920e-01
8.111625715593701047e-01
8.111361842859190485e-01
8.111100492534124573e-01
8.110841605267693488e-01
8.110585359112330028e-01
8.110332112711239327e-01
8.110081359044188920e-01
8.109833009084962407e-01
8.109586526137925189e-01
8.109342953918943220e-01
8.109103603222536094e-01
8.108864123671135626e-01
8.108627554847791519e-01
8.108393926427910348e-01
8.108162523663422494e-01
8.107933346554327958e-01
8.107707020822478849e-01
8.107480984229654686e-01
8.107259616828824678e-01
8.107039760335319478e-01
8.106821414749139088e-01
8.106605801838584480e-01
8.106392862252844722e-01
8.106180659475549222e-01
8.105971219049286081e-01
8.105764988643473501e-01
8.105558869324254179e-01
8.105355960025486528e-01
8.105155635025318439e-01
8.104955987482784785e-01
8.104758268841592006e-01
8.104563611843825788e-01
8.104370228350141758e-01
8.104179340128842002e-01
8.103990202756450323e-01
8.103802934934589697e-01
8.103617388286233902e-01
8.103433026115745008e-01
8.103251725588680454e-01
8.103071461162457689e-01
8.102892917909739756e-01
8.102716721552377654e-01
8.102541561295857342e-01
8.102368658908478682e-01
8.102197984714835099e-01
8.102027184204542154e-01
8.101859803980882013e-01
8.101693400507250509e-01
8.101529136201141013e-01
8.101365848645061263e-01
8.101205355653759987e-01
8.101045154339825416e-01
8.100887032842600810e-01
8.100730424791043882e-01
8.100575330185153522e-01
8.100421659998716661e-01
8.100269443907135436e-01
8.100118711585816422e-01
8.099969881028776797e-01
8.099821997546361452e-01
8.099676015828225495e-01
8.099531458529540817e-01
8.099387610902238910e-01
8.099246916482921721e-01
8.099105769317497261e-01
8.098967119962798833e-01
8.098828554557629955e-01
8.098691920592145932e-01
8.098557784437387941e-01
8.098423643205944211e-01
8.098291999785226514e-01
8.098160947334270832e-01
8.098029978832844700e-01
8.097902522182609530e-01
8.097774583110861624e-01
8.097649559843856926e-01
8.097524501824761023e-01
8.097401226868322643e-01
8.097277917159793059e-01
8.097157552931411040e-01
8.097037631295764815e-01
8.096917674908028495e-01
8.096800634325034274e-01
8.096684662056627957e-01
8.096569728427406298e-01
8.096455296741730256e-01
8.096340741277747721e-01
8.096229549287929927e-01
8.096118322546020929e-01
8.096008611788121367e-01
8.095899909994000998e-01
8.095792842885511931e-01
8.095685592647905438e-01
8.095580484116162712e-01
8.095475133104491627e-01
8.095371923798684310e-01
8.095269157085612788e-01
8.095167787654929947e-01
8.095067427188026299e-01
8.094967986658685444e-01
8.094868840345053052e-01
8.094770584293579097e-01
8.094673844226114579e-01
8.094577964745403031e-01
8.094482916176037879e-01
8.094389413266088740e-01
8.094296115545632775e-01
8.094203619061118848e-01
8.094112668236019825e-01
8.094023055342500772e-01
8.093932455545579385e-01
8.093843312381857613e-01
8.093756103196162455e-01
8.093669099199961581e-01
8.093582985465918034e-01
8.093496928544342550e-01
8.093412894627008969e-01
8.093329036223764206e-01
8.093245860354839616e-01
8.093164052092899352e-01
8.093082985716090194e-01
8.093001469131516634e-01
8.092921797498753289e-01
8.092842331055485339e-01
8.092764768914837425e-01
8.092686608189399999e-01
8.092611036839246763e-01
8.092534181831638751e-01
8.092458246761594642e-01
8.092383412219886774e-01
8.092309856258947942e-01
8.092236416461285886e-01
8.092163570171729825e-01
8.092092032138347157e-01
8.092020372865000866e-01
8.091950617894275721e-01
8.091879697967717666e-01
8.091811219039417580e-01
8.091742737572774624e-01
8.091674849614237663e-01
8.091607555163804477e-01
8.091540794870666353e-01
8.091474061714590826e-01
8.091409114159514582e-01
8.091343508668837892e-01
8.091279718454567060e-01
8.091215866351143537e-01
8.091153114776056254e-01
8.091090330987220636e-01
8.091028736752937656e-01
8.090967617325138805e-01
8.090906495358997086e-01
8.090846414570380674e-01
8.090786867939060434e-01
8.090727200067775460e-01
8.090669317797490878e-01
8.090611284611837206e-01
8.090553815258884063e-01
8.090496731686198650e-01
8.090440807992659300e-01
8.090384733383751970e-01
8.090329103905923303e-01
8.090274008585389698e-01
8.090219984117786867e-01
8.090166375105858343e-01
8.090112048807517331e-01
8.090059955779598244e-01
8.090007145465267779e-01
8.089955316977652799e-01
8.089903933621117593e-01
8.089853621117513160e-01
8.089801906254834307e-01
8.089752424662577379e-01
8.089703895221630470e-01
8.089653486076782141e-01
8.089604625129691584e-01
8.089556775684723089e-01
8.089508745648980037e-01
8.089461101393504716e-01
8.089415064686599210e-01
8.089367536594401775e-01
8.089321705076989444e-01
8.089276199989035021e-01
8.089231110356753796e-01
8.089185751107482725e-01
8.089141373684928249e-01
8.089097382042640394e-01
8.089053657479000625e-01
8.089010348371035164e-01
8.088966799321483103e-01
8.088924798469691035e-01
8.088881961629865724e-01
8.088840017590540610e-01
8.088798399980673404e-01
8.088758360243969436e-01
8.088717454843827870e-01
8.088676846197738746e-01
8.088637219378365106e-01
8.088597263591191799e-01
8.088557574882665469e-01
8.088518927351664445e-01
8.088480546899312618e-01
8.088442403850201190e-01
8.088403961508694451e-01
8.088366530669309773e-01
8.088328770862124317e-01
8.088292470226481345e-01
8.088255781272227773e-01
8.088219478098241932e-01
8.088182845956455314e-01
8.088147702661616645e-01
8.088112200723572842e-01
8.088076399493133728e-01
8.088042653480684852e-01
8.088007475433754978e-01
8.087973608181342478e-01
8.087938904940896734e-01
8.087906167892225939e-01
8.087871998809075258e-01
8.087839229546656128e-01
8.087806757038289440e-01
8.087773896211312152e-01
8.087742464880472992e-01
8.087710138210789657e-01
8.087678019268943475e-01
8.087647329823234310e-01
8.087615148992235437e-01
8.087584278955751715e-01
8.087554361070579123e-01
8.087523399469538354e-01
8.087492734622548918e-01
8.087463439920886676e-01
8.087433190529570437e-01
8.087404340958986859e-01
8.087375103069792681e-01
8.087346043233029080e-01
8.087317309825723388e-01
8.087289261491081849e-01
8.087260913864043888e-01
8.087233370011291944e-01
8.087204841793479426e-01
8.087178250092037501e-01
8.087150733376347045e-01
8.087123335362277343e-01
8.087097396519751236e-01
8.087070443636760197e-01
8.087043102435158559e-01
8.087017072028073184e-01
8.086990682977781564e-01
8.086965634397412783e-01
8.086940227173836648e-01
8.086914372280840091e-01
8.086889321162128441e-01
8.086863792698588682e-01
8.086839127360144763e-01
8.086815176769769353e-01
8.086790778509972411e-01
8.086766587978012621e-01
8.086742545823077943e-01
8.086718145024939242e-01
8.086695025345910226e-01
8.086672083719312898e-01
8.086648157727657216e-01
8.086624976159475509e-01
8.086601913292914556e-01
8.086579654200638512e-01
8.086556917763535468e-01
8.086534866399095467e-01
8.086512456391450332e-01
8.086490165085424842e-01
8.086468647878279903e-01
8.086446653326307965e-01
8.086424807151362248e-01
8.086403705399890507e-01
8.086382126303591766e-01
8.086361321306172467e-01
8.086340724036589211e-01
8.086320722813454820e-01
8.086299766900666430e-01
8.086278870338687863e-01
8.086258836901805136e-01
8.086238148067663722e-01
8.086218888729659326e-01
8.086197959953933534e-01
8.086178938019171758e-01
8.086159498090393916e-01
8.086140147187831362e-01
8.086120318940441809e-01
8.086101235116526231e-01
8.086082836365274806e-01
8.086063364222748628e-01
8.086045232550144179e-01
8.086027249254565952e-01
8.086008699587945436e-01
8.085989702251902278e-01
8.085971986034971026e-01
8.085953226102171598e-01
8.085935836314697145e-01
8.085918446527223802e-01
8.085899446652838884e-01
8.085882294268607051e-01
8.085865260585997083e-01
8.085847779233965582e-01
8.085830953279191657e-01
8.085813649979590734e-01
8.085797091103463785e-01
8.085780532227337947e-01
8.085764121728237219e-01
8.085747204208905137e-01
8.085729809344746055e-01
8.085713725275103236e-01
8.085697641205460418e-01
8.085681853889870041e-01
8.085665947872658910e-01
8.085649653536837178e-01
8.085633418551825269e-01
8.085617927990287335e-01
8.085602437428749401e-01
8.085587065568833331e-01
8.085571782735131441e-01
8.085556677953862348e-01
8.085541573172592145e-01
8.085526527742133984e-01
8.085511571337890002e-01
8.085496763310673352e-01
8.085481984958861057e-01
8.085467295633265161e-01
8.085452725009290020e-01
8.085438213736124702e-01
8.085423195442728028e-01
8.085409398917632329e-01
8.085395154723115096e-01
8.085380969879407687e-01
8.085366785035701387e-01
8.085352778244425664e-01
8.085338771453149942e-01
8.085324883363494974e-01
8.085311084300056406e-01
8.085297344587428769e-01
8.085284260272058710e-01
8.085271205632093006e-01
8.085257673647301413e-01
8.085244201013320753e-01
8.085230787730149915e-01
8.085217433797790010e-01
8.085204198567050859e-01
8.085192155429207217e-01
8.085179068575494288e-01
8.085166577768229113e-01
8.085153579940731472e-01
8.085140611788640408e-01
8.085128388060022209e-01
8.085116164331404010e-01
8.085103374231743523e-01
8.085090702833703791e-01
8.085079282879370499e-01
8.085067296553994920e-01
8.085054803208386875e-01
8.085042369213588653e-01
8.085030560940644762e-01
8.085018275322872761e-01
8.085006615426955090e-01
8.084995551577484063e-01
8.084983951032376215e-01
8.084971843467035901e-01
8.084959795252506520e-01
8.084948402435235826e-01
8.084936979942559665e-01
8.084925705826909725e-01
8.084913865340216388e-01
8.084903276297230601e-01
8.084891524836752552e-01
8.084880458448939766e-01
8.084869421736531336e-01
8.084858385024122907e-01
8.084848033384378629e-01
8.084836519327143201e-01
8.084825779368788323e-01
8.084814980059621403e-01
8.084804240101266526e-01
8.084794096189358292e-01
8.084782849210769839e-01
8.084771631907587963e-01
8.084761695723516883e-01
8.084751193168402406e-01
8.084740720288694504e-01
8.084729740388754138e-01
8.084719922906302703e-01
8.084709568728215556e-01
8.084699929298196919e-01
8.084689008749066375e-01
8.084680024716306423e-01
8.084669252544202100e-01
8.084659135769356464e-01
8.084649048669916294e-01
8.084639587292329344e-01
8.084629529868293529e-01
8.084619591145879580e-01
8.084609682098871097e-01
8.084600994820162478e-01
8.084591115448559462e-01
8.084581265752360801e-01
8.084571534757782896e-01
8.084562399809653854e-01
8.084552668815075949e-01
8.084542997171308976e-01
8.084533414553758401e-01
8.084524368631844649e-01
8.084514875040508253e-01
8.084505918144810899e-01
8.084496454228879969e-01
8.084487586359397904e-01
8.084478152118872440e-01
8.084468777229159020e-01
8.084459432014848845e-01
8.084451278893435289e-01
8.084442052380746979e-01
8.084432766517248847e-01
8.084424732097456046e-01
8.084415594610983025e-01
8.084406397773700181e-01
8.084398393029312846e-01
8.084389403919866046e-01
8.084380296108799602e-01
8.084372439741437377e-01
8.084363450631991688e-01
8.084354461522544888e-01
8.084346723856804529e-01
8.084337823773574128e-01
8.084328923690343727e-01
8.084320589978155613e-01
8.084312434318399188e-01
8.084303593585978609e-01
8.084295408250816717e-01
8.084287252591060291e-01
8.084279185957520264e-01
8.084270493602125907e-01
8.084262963664222701e-01
8.084254330659639276e-01
8.084245727330461317e-01
8.084238316094178867e-01
8.084229772115810730e-01
8.084221794508485992e-01
8.084213905927376542e-01
8.084205957995456160e-01
8.084197562394115355e-01
8.084190299534858015e-01
8.084182499979964964e-01
8.084174074703218693e-01
8.084166900870177752e-01
8.084159160666094524e-01
8.084151450137416761e-01
8.084143143562291245e-01
8.084135492384423305e-01
8.084128407577598763e-01
8.084120249379499468e-01
8.084112538850820595e-01
8.084105036049979987e-01
8.084097384872112046e-01
8.084089256349418218e-01
8.084082349595025363e-01
8.084074191396924958e-01
8.084067314317937569e-01
8.084059274821459029e-01
8.084052457093281463e-01
8.084045609689698431e-01
8.084036974146772137e-01
8.084030811815852147e-01
8.084022861345590005e-01
8.084015536597179974e-01
8.084008778219812230e-01
8.084001453471403309e-01
8.083993592027356456e-01
8.083986296954351891e-01
8.083979031556751682e-01
8.083972421556411270e-01
8.083965245185027459e-01
8.083958664860091403e-01
8.083951429137897771e-01
8.083944252766513960e-01
8.083937165421346549e-01
8.083930018725368205e-01
8.083922305658347573e-01
8.083915784684222450e-01
8.083908786365270327e-01
8.083902235715739737e-01
8.083895237396787614e-01
8.083887643031387737e-01
8.083881777454521300e-01
8.083875434532826754e-01
8.083867869842832343e-01
8.083860930874691153e-01
8.083854587952996607e-01
8.083847052938407662e-01
8.083840113970266472e-01
8.083833860074788324e-01
8.083826980457456957e-01
8.083820726561978809e-01
8.083813876620052907e-01
8.083807622724574760e-01
8.083800802458054324e-01
8.083793445495897068e-01
8.083787221275824386e-01
8.083781652453009281e-01
8.083774325166256380e-01
8.083768756343442385e-01
8.083762025103137239e-01
8.083754727491789804e-01
8.083748681324148810e-01
8.083741950083843664e-01
8.083734711823307162e-01
8.083728576629449769e-01
8.083723185859066351e-01
8.083715947598529850e-01
8.083709960781698678e-01
8.083703377918420863e-01
8.083696735704331005e-01
8.083690689536690011e-01
8.083684166024222018e-01
8.083678179207390846e-01
8.083671655694922853e-01
8.083665161857860326e-01
8.083659293742649909e-01
8.083652770230181916e-01
8.083646872439567144e-01
8.083640348927099151e-01
8.083634480811888734e-01
8.083627957299420741e-01
8.083622178210426723e-01
8.083615743724174019e-01
8.083609964635180001e-01
8.083603500473522940e-01
8.083597721384527812e-01
8.083591316573681684e-01
8.083584941438238802e-01
8.083579788071098005e-01
8.083572816889208479e-01
8.083567126826429750e-01
8.083560781366393444e-01
8.083555061628209248e-01
8.083548775518983875e-01
8.083542996429989858e-01
8.083536710320763374e-01
8.083531020257984645e-01
8.083524793499569094e-01
8.083519192463006764e-01
8.083512876678374814e-01
8.083507812337449305e-01
8.083501644929844687e-01
8.083496639939729000e-01
8.083489787459461340e-01
8.083484186422897899e-01
8.083478644737145391e-01
8.083471821932282086e-01
8.083466250571125222e-01
8.083461334607225934e-01
8.083455137524215850e-01
8.083449625513868808e-01
8.083443547132479479e-01
8.083437379724873750e-01
8.083431897389932175e-01
8.083425819008542845e-01
8.083420247647384871e-01
8.083415361358891049e-01
8.083409342328312652e-01
8.083403293622327679e-01
8.083397840962791570e-01
8.083392984349703214e-01
8.083386905968313885e-01
8.083381482984182131e-01
8.083375493629008091e-01
8.083369444923024227e-01
8.083364051614297940e-01
8.083358032583719543e-01
8.083352668950398723e-01
8.083347901363525656e-01
8.083341345637309328e-01
8.083335952328583041e-01
8.083330588695263330e-01
8.083324658690900222e-01
8.083319324732983757e-01
8.083314586821516157e-01
8.083308686492558515e-01
8.083302756488195406e-01
8.083297481881089874e-01
8.083291581552132232e-01
8.083286306945027810e-01
8.083280436291474524e-01
8.083275698380006924e-01
