3.601168282432612955e+01
3.462281816658918387e+01
3.292166628501858838e+01
3.098209462644230072e+01
2.887356808835665589e+01
2.665969461851221922e+01
2.439728763161125258e+01
2.213580174392168232e+01
1.991714391724929456e+01
1.777578160355490766e+01
1.573902872478652704e+01
1.382754134771397325e+01
1.205588337454728176e+01
1.043319708105634724e+01
8.963892342618933640e+00
7.648357690638628803e+00
6.483635033547820115e+00
5.464084004346564605e+00
4.581980965659585792e+00
3.828069544937616531e+00
3.192046917409337770e+00
2.662983131946922377e+00
2.229686801099631133e+00
1.881017716446576893e+00
1.606139139100796864e+00
1.394715231160641000e+00
1.237058418451006947e+00
1.124232519062562830e+00
1.048119080295760286e+00
1.001450497182994726e+00
9.778166357670127207e-01
9.716482286352586817e-01
9.781821174124158969e-01
9.934142527694116431e-01
1.014041650793990224e+00
1.037398823593660202e+00
1.061389440870050604e+00
1.084418745039696930e+00
1.105324578389133450e+00
1.123313475113190574e+00
1.137900142515750224e+00
1.148850791233376523e+00
1.156133537469866912e+00
1.159873196259440853e+00
1.160311185964893355e+00
1.157771899780912328e+00
1.152632548873696150e+00
1.145298785374643691e+00
1.136184301010279674e+00
1.125694339310289838e+00
1.114213375847111553e+00
1.102095616300833081e+00
1.089659459032412236e+00
1.077182675409745771e+00
1.064902186197215439e+00
1.053013462113892684e+00
1.041672364951085727e+00
1.030997879528460670e+00
1.021075291764948378e+00
1.011959159217696635e+00
1.003678541197821739e+00
9.962392945129234789e-01
9.896287500000456872e-01
9.838189290515236829e-01
9.787699299954617516e-01
9.744328677480600387e-01
9.707526743336848396e-01
9.676704451084744418e-01
9.651253649694518932e-01
9.630566303906705761e-01
9.614046691716418014e-01
9.601126492496827591e-01
9.591269118466799748e-01
9.583976450387892143e-01
9.578798820630194388e-01
9.575325928885527471e-01
9.573201757238527509e-01
9.572109401868852396e-01
9.571779890201393970e-01
9.571986302258631563e-01
9.572538803059391643e-01
9.573282340249893441e-01
9.574098219103540641e-01
9.574888892493458314e-01
9.575590436138216033e-01
9.576150548880312252e-01
9.576541151478408231e-01
9.576745012582568162e-01
9.576760146466312129e-01
9.576589775963730844e-01
9.576244942062197563e-01
9.575744647492451245e-01
9.575106463575525639e-01
9.574351818957629323e-01
9.573504526470761888e-01
9.572584966258321781e-01
9.571614587010097708e-01
9.570611390817382880e-01
9.569594215134733517e-01
9.568577368361935731e-01
9.567573877212840472e-01
9.566596302035046406e-01
9.565652454848149189e-01
9.564748550985850972e-01
9.563891860418346491e-01
9.563082692011910524e-01
9.562324320955161161e-01
9.561617233657928594e-01
9.560962121893388233e-01
9.560354956926491177e-01
9.559796245210645527e-01
9.559281724827680682e-01
9.558809079498744588e-01
9.558374143032388748e-01
9.557974975922978178e-01
9.557606768069254466e-01
9.557267251055727719e-01
9.556952430100823515e-01
9.556660317835541374e-01
9.556386433068475572e-01
9.556129226977093660e-01
9.555886773965652781e-01
9.555655689208915060e-01
9.555434218521007272e-01
9.555220984489271041e-01
9.555016678886878445e-01
9.554816786568952613e-01
9.554623301038178695e-01
9.554432851379212055e-01
9.554246787184927925e-01
9.554063258542727644e-01
9.553882313315974484e-01
9.553703622594816869e-01
9.553527343879234524e-01
9.553353853942441187e-01
9.553181960691540242e-01
9.553011711989896071e-01
9.552843813520572880e-01
9.552677559600505353e-01
9.552513703776119858e-01
9.552353061367100384e-01
9.552194001734082285e-01
9.552035113510934927e-01
9.551880897932645276e-01
9.551728203357102709e-01
9.551577845103987885e-01
9.551430199946515653e-01
9.551283746881938930e-01
9.551140760459431167e-01
9.550999452539650214e-01
9.550859870985958233e-01
9.550724132847548953e-01
9.550589682528759505e-01
9.550457664259124346e-01
9.550327200945706307e-01
9.550200032864485378e-01
9.550073604419799800e-01
9.549948950204566467e-01
9.549827529448274843e-01
9.549706848328519682e-01
9.549588694984642023e-01
9.549471281277299717e-01
9.549356176072602009e-01
9.549243002597335161e-01
9.549131055168433857e-01
9.549020224149281644e-01
9.548910995949708713e-01
9.548803213069735341e-01
9.548697519419172552e-01
9.548592078995314925e-01
9.548488947074100786e-01
9.548387041199252190e-01
9.548286580644004262e-01
9.548186044405609918e-01
9.548088035943093077e-01
9.547990171070664944e-01
9.547894237927666561e-01
9.547799044421203529e-01
9.547704700187892302e-01
9.547611910910798194e-01
9.547519861270240549e-01
9.547429962632346667e-01
9.547339721174709082e-01
9.547251034673289727e-01
9.547163793491468819e-01
9.547077024809588197e-01
9.546991434310709845e-01
9.546907289131432162e-01
9.546823506815474980e-01
9.546741608365586496e-01
9.546659476732572980e-01
9.546579119329009488e-01
9.546499830471831816e-01
9.546420637341379578e-01
9.546343704850209777e-01
9.546266868085764301e-01
9.546190613457874452e-01
9.546115756286221998e-01
9.546042077297574036e-01
9.545968713308884412e-01
9.545896527503198170e-01
9.545824437424236253e-01
9.545754936894408349e-01
9.545685155318091031e-01
9.545615469468499148e-01
9.545548482804657731e-01
9.545481811140774653e-01
9.545415940886681216e-01
9.545350008859333490e-01
9.545285960698054462e-01
9.545221521853668456e-01
9.545158919011988985e-01
9.545096631170268964e-01
9.545035850421402790e-01
9.544974898262665874e-01
9.544914966786951505e-01
9.544856542404092092e-01
9.544798056247978391e-01
9.544740590774889455e-01
9.544684255621440627e-01
9.544628345104567702e-01
9.544572263177822924e-01
9.544518613300232435e-01
9.544463976693087215e-01
9.544411881771713846e-01
9.544358909757403309e-01
9.544307177699351552e-01
9.544256685597556356e-01
9.544205426039442663e-01
9.544155296800970190e-01
9.544106297882137824e-01
9.544057833236498922e-01
9.544010718183735253e-01
9.543962835674653089e-01
9.543916679531657676e-01
9.543870461615409084e-01
9.543824401199139107e-01
9.543779471102511458e-01
9.543735075279076163e-01
9.543691433002067237e-01
9.543648811408083077e-01
9.543605155221183134e-01
9.543562629353924409e-01
9.543521343442922245e-01
9.543479618985453161e-01
9.543439511257455488e-01
9.543398855346372223e-01
9.543358843345098874e-01
9.543319584890254115e-01
9.543279778252322654e-01
9.543241101934032411e-01
9.543202583115721893e-01
9.543164002524157086e-01
9.543126771525467511e-01
9.543088882707074783e-01
9.543051857071727095e-01
9.543014769663124008e-01
9.542978922210779702e-01
9.542942636211966256e-01
9.542906398076516084e-01
9.542870098167811621e-01
9.542834065395703336e-01
9.542799758989684022e-01
9.542763116261234746e-01
9.542727932762279375e-01
9.542692201080237302e-01
9.542657709354454010e-01
9.542622073399137372e-01
9.542586485307184008e-01
9.542551164351826820e-01
9.542516487306279549e-01
9.542479583574920987e-01
9.542444515846267850e-01
9.542407331068419873e-01
9.542372091929895994e-01
9.542335927835072784e-01
9.542298619510716229e-01
9.542262284006020057e-01
9.542224804271792760e-01
9.542187701310778092e-01
9.542149892666698108e-01
9.542111159066319903e-01
9.542073994332050946e-01
9.542035308595036014e-01
9.541997924587531932e-01
9.541959348487133452e-01
9.541919957067053204e-01
9.541882573059550232e-01
9.541844593005599506e-01
9.541807318634712987e-01
9.541770749946891783e-01
9.541734510168921046e-01
9.541699681757080942e-01
9.541664695845261113e-01
9.541631717346017449e-01
9.541598471710178719e-01
9.541567343123533718e-01
9.541535947400292539e-01
9.541506182316414897e-01
9.541478643918348546e-01
9.541451215156899757e-01
9.541424930624983203e-01
9.541399461412748417e-01
9.541374917156812963e-01
9.541350105764281331e-01
9.541327788194157167e-01
9.541303901757924866e-01
9.541282022734268731e-01
9.541260362983847720e-01
9.541238326460211860e-01
9.541217482029472619e-01
9.541196260825519637e-01
9.541174929984949094e-01
9.541154524100677881e-01
9.541134118216405557e-01
9.541113821968751907e-01
9.541092929674649392e-01
9.541072743063612194e-01
9.541053152499022749e-01
9.541032260204920235e-01
9.541011963957266584e-01
9.540992483029293592e-01
9.540972186781638831e-01
9.540952000170601632e-01
9.540933115289077504e-01
9.540913524724488060e-01
9.540893714886663490e-01
9.540874830005139362e-01
9.540854910530698341e-01
9.540835696739322636e-01
9.540816592584563383e-01
9.540797159519953663e-01
9.540778432138408149e-01
9.540759108710414882e-01
9.540740867738700670e-01
9.540721921083921142e-01
9.540702864792525162e-01
9.540683808501128071e-01
9.540665834666011147e-01
9.540647264784445358e-01
9.540629777359157515e-01
9.540610392157909958e-01
9.540592199049557909e-01
9.540574382714419599e-01
9.540555970332833535e-01
9.540538044361077663e-01
9.540519522342875147e-01
9.540501486734501713e-01
9.540483451126129388e-01
9.540464709834692858e-01
9.540447647045980917e-01
9.540429501800991030e-01
9.540411137282768239e-01
9.540393855220822283e-01
9.540376196385663699e-01
9.540359023960335305e-01
9.540341036215325143e-01
9.540322671697101242e-01
9.540305766408370136e-01
9.540288484346425291e-01
9.540270606238031581e-01
9.540253104902852721e-01
9.540235713204290313e-01
9.540218102232493891e-01
9.540200600897315031e-01
9.540183099562135061e-01
9.540166194273402844e-01
9.540148583301606422e-01
9.540131081966427562e-01
9.540114443814292633e-01
9.540096346432664909e-01
9.540079817917147542e-01
9.540062802991798874e-01
9.540044972746768437e-01
9.540028444231249960e-01
9.540011100396050825e-01
9.539994462243915896e-01
9.539977337681949665e-01
9.539960589893197174e-01
9.539942650011550285e-01
9.539926011859415356e-01
9.539909154434046412e-01
9.539892406645293921e-01
9.539874953173477223e-01
9.539858095748108280e-01
9.539841834369187090e-01
9.539824867307200584e-01
9.539808009881831641e-01
9.539791638866292889e-01
9.539774671804306383e-01
9.539757704742319877e-01
9.539740956953568496e-01
9.539723174571900222e-01
9.539707995649256977e-01
9.539690918950654019e-01
9.539673951888667514e-01
9.539657580873129872e-01
9.539640990584357105e-01
9.539623913885753037e-01
9.539607919643429135e-01
9.539590952581442629e-01
9.539575554385565370e-01
9.539558368050344850e-01
9.539541777761573194e-01
9.539525187472800427e-01
9.539508597184027661e-01
9.539491897258638442e-01
9.539475416606482128e-01
9.539458607044475347e-01
9.539443099211981636e-01
9.539426618559826432e-01
9.539409808997819651e-01
9.539393109072430432e-01
9.539377491603319159e-01
9.539360791677928830e-01
9.539344687798987366e-01
9.539327987873598147e-01
9.539312260767869311e-01
9.539295560842480093e-01
9.539279347326921066e-01
9.539263620221193340e-01
9.539246324249355258e-01
9.539230597143627532e-01
9.539213787581620752e-01
9.539198060475893026e-01
9.539181627687098874e-01
9.539166010217988712e-01
9.539149796702429684e-01
9.539133473550253095e-01
9.539117746444525370e-01
9.539101313655732328e-01
9.539084880866939287e-01
9.539069153761210451e-01
9.539052830609034972e-01
9.539036993866689684e-01
9.539020561077896643e-01
9.539004128289103601e-01
9.538988997229823630e-01
9.538972564441030588e-01
9.538957214108515492e-01
9.538940671683105998e-01
9.538924834940760711e-01
9.538908292515350107e-01
9.538893051819452573e-01
9.538877105440490833e-01
9.538861049424911531e-01
9.538844616636118490e-01
9.538828670257155640e-01
9.538813210288024091e-01
9.538797859955510106e-01
9.538782290349760995e-01
9.538765857560967953e-01
9.538749095862323335e-01
9.538734560849491118e-01
9.538718285560677801e-01
9.538702448818332513e-01
9.538686769575966951e-01
9.538670117513938784e-01
9.538655253591254990e-01
9.538638601529227934e-01
9.538623627969927687e-01
9.538607462317730823e-01
9.538592488758430576e-01
9.538576323106233712e-01
9.538560863137102164e-01
9.538544807121522862e-01
9.538529127879157299e-01
9.538513448636791736e-01
9.538497282984594872e-01
9.538482199788677063e-01
9.538467116592759254e-01
9.538450354894114636e-01
9.538435271698196827e-01
9.538419592455831264e-01
9.538403207530400385e-01
9.538388343607716591e-01
9.538373150775181220e-01
9.538357361896199205e-01
9.538341086607384778e-01
9.538325893774850517e-01
9.538310700942315146e-01
9.538295727383013789e-01
9.538279342457584020e-01
9.538263553578600895e-01
9.538248360746065524e-01
9.538233167913530153e-01
9.538217975080995892e-01
9.538202186202012767e-01
9.538186993369477396e-01
9.538171690900325572e-01
9.538156388431173749e-01
9.538141085962021926e-01
9.538125893129486554e-01
9.538109288930821661e-01
9.538094692144734044e-01
9.538079280038965768e-01
9.538063977569812835e-01
9.538048784737278574e-01
9.538033262994891626e-01
9.538017960525739802e-01
9.538001952373522663e-01
9.537986649904370839e-01
9.537971237798601454e-01
9.537955716056215616e-01
9.537941119270127999e-01
9.537926193574189915e-01
9.537910781468420529e-01
9.537895259726034691e-01
9.537879847620265306e-01
9.537865627607391428e-01
9.537849996228389138e-01
9.537834584122619752e-01
9.537819768063298120e-01
9.537804952003976489e-01
9.537789210988356636e-01
9.537773689245969688e-01
9.537759249959862906e-01
9.537743837854093520e-01
9.537728206475090120e-01
9.537713767188982228e-01
9.537698245446596390e-01
9.537683806160488498e-01
9.537668880464549304e-01
9.537652762675715712e-01
9.537638433026225382e-01
9.537622692010604419e-01
9.537608143087880075e-01
9.537593107755324429e-01
9.537578072422768782e-01
9.537563037090213136e-01
9.537547892121041038e-01
9.537532151105421185e-01
9.537518307865761047e-01
9.537503758943035592e-01
9.537487908290798178e-01
9.537472872958242531e-01
9.537458324035518187e-01
9.537443069429728526e-01
9.537429116553451935e-01
9.537412669854766767e-01
9.537398716978489066e-01
9.537384058419147159e-01
9.537368317403527307e-01
9.537353768480801852e-01
9.537339000284843493e-01
9.537324232088884024e-01
9.537309792802777242e-01
9.537294318923752456e-01
9.537279770001028112e-01
9.537265597851516397e-01
9.537250939292175600e-01
9.537235575049768377e-01
9.537220320443978716e-01
9.537205442611402795e-01
9.537191380098508642e-01
9.537176611902550283e-01
9.537161843706590814e-01
9.537146479464184701e-01
9.537132903361120739e-01
9.537117539118714626e-01
9.537102770922755157e-01
9.537089085183074744e-01
9.537074316987115274e-01
9.537058733471475147e-01
9.537043965275515678e-01
9.537029683489387510e-01
9.537014696020195137e-01
9.537001010280514723e-01
9.536986132447938802e-01
9.536971254615362881e-01
9.536956972829234713e-01
9.536942094996658792e-01
9.536927107527465308e-01
9.536912120058271825e-01
9.536898324681974959e-01
9.536883446849399038e-01
9.536869541836483499e-01
9.536854664003908688e-01
9.536839566898097642e-01
9.536825771521800776e-01
9.536811976145502801e-01
9.536796879039692865e-01
9.536782487616948245e-01
9.536767986557584953e-01
9.536753485498222771e-01
9.536739094075478151e-01
9.536724593016114859e-01
9.536710797639817994e-01
9.536695590897390495e-01
9.536681199474645876e-01
9.536667184825113885e-01
9.536652087719303950e-01
9.536638778752837275e-01
9.536623572010409777e-01
9.536609666997495349e-01
9.536594946664899153e-01
9.536581041651983615e-01
9.536567027002452734e-01
9.536551820260025236e-01
9.536538401656941000e-01
9.536523681324344803e-01
9.536509776311430375e-01
9.536495542388664370e-01
9.536480931692685736e-01
9.536467513089601500e-01
9.536452196710557550e-01
9.536437476377961353e-01
9.536424057774877117e-01
9.536409933488727564e-01
9.536395809202579121e-01
9.536381684916430679e-01
9.536367560630282236e-01
9.536352840297686040e-01
9.536338606374920035e-01
9.536324372452154030e-01
9.536310844212453341e-01
9.536296610289687337e-01
9.536281780320473578e-01
9.536268252080772889e-01
9.536254614204454638e-01
9.536240976328137497e-01
9.536225440675858422e-01
9.536212508482605488e-01
9.536197678513391729e-01
9.536184040637074588e-01
9.536169587441074569e-01
9.536155353518308564e-01
9.536141715641990313e-01
9.536127372082607856e-01
9.536113734206289605e-01
9.536100473103185093e-01
9.536085533497354882e-01
9.536071785984419069e-01
9.536058038471484366e-01
9.536043694912101909e-01
9.536029728125932081e-01
9.536016199886231393e-01
9.536002233100062675e-01
9.535987889540680218e-01
9.535974032391127952e-01
9.535960175241575687e-01
9.535946427728640984e-01
9.535932460942471156e-01
9.535917898109854685e-01
9.535904746643366625e-01
9.535891266267029209e-01
9.535877518754093396e-01
9.535863661604541131e-01
9.535849585181754851e-01
9.535835131985754831e-01
9.535821761246033867e-01
9.535808609779546918e-01
9.535794533356760638e-01
9.535780676207208373e-01
9.535767195830869847e-01
9.535753229044701129e-01
9.535739748668362603e-01
9.535725185835745021e-01
9.535711109412958741e-01
9.535697738673237778e-01
9.535684258296899252e-01
9.535670401147346986e-01
9.535656215087944254e-01
9.535643330758053482e-01
9.535629850381714956e-01
9.535616370005376430e-01
9.535602293582590150e-01
9.535589299616081815e-01
9.535575223193295535e-01
9.535561742816958120e-01
9.535547556757554277e-01
9.535534562791047053e-01
9.535521082414708527e-01
9.535506786718688232e-01
9.535493792752179898e-01
9.535480422012458934e-01
9.535466235953055092e-01
9.535452426666866099e-01
9.535439651973591779e-01
9.535425952324019239e-01
9.535412362311064260e-01
9.535398553024874158e-01
9.535385559058366933e-01
9.535371859408794393e-01
9.535358865442286058e-01
9.535344569746265764e-01
9.535331466143140977e-01
9.535318362540016190e-01
9.535304662890443650e-01
9.535290963240871109e-01
9.535278236410960062e-01
9.535263344668492014e-01
9.535250837111814981e-01
9.535237623872072632e-01
9.535223924222500091e-01
9.535210820619375305e-01
9.535197497743016504e-01
9.535183688456827511e-01
9.535171071263532916e-01
9.535157371613960375e-01
9.535143562327770272e-01
9.535130239451411471e-01
9.535116916575052670e-01
9.535103703335310321e-01
9.535091086142016836e-01
9.535077763265658035e-01
9.535064440389299234e-01
9.535051117512940433e-01
9.535037904273198084e-01
9.535025177443287037e-01
9.535011148883862919e-01
9.534997826007504118e-01
9.534985208814210633e-01
9.534971180254786516e-01
9.534958939834705660e-01
9.534945726594963311e-01
9.534932294081988058e-01
9.534919457615459448e-01
9.534906025102484195e-01
9.534892592589507831e-01
9.534879160076531468e-01
9.534865727563556215e-01
9.534852891097027605e-01
9.534839458584051242e-01
9.534826622117523742e-01
9.534814381697442887e-01
9.534800839547850071e-01
9.534787407034873707e-01
9.534774460931728646e-01
9.534761514828583584e-01
9.534747972678989658e-01
9.534735732258909913e-01
9.534722190109317097e-01
9.534709134369554473e-01
9.534696893949473617e-01
9.534683351799880802e-01
9.534669809650287986e-01
9.534657836366803307e-01
9.534644184580594040e-01
9.534630752067617676e-01
9.534618402010920368e-01
9.534605236634541292e-01
9.534592886577842874e-01
9.534579234791633606e-01
9.534566775098318736e-01
9.534553719358556112e-01
9.534540177208963296e-01
9.534528203925478618e-01
9.534515148185717104e-01
9.534501982809338028e-01
9.534489413479405595e-01
9.534476357739642971e-01
9.534463898046329211e-01
9.534450136623501271e-01
9.534438272976635265e-01
9.534424401917190872e-01
9.534412428633707304e-01
9.534399859303774871e-01
9.534386693927395795e-01
9.534373528551016719e-01
9.534360959221084286e-01
9.534347793844705210e-01
9.534335710924604079e-01
9.534321839865159687e-01
9.534309756945058556e-01
9.534296591568679480e-01
9.534284508648578349e-01
9.534271829682030575e-01
9.534258664305650388e-01
9.534246362112315243e-01
9.534233792782383921e-01
9.534221113815835036e-01
9.534207729166221945e-01
9.534195646246120814e-01
9.534183453689403231e-01
9.534170774722854347e-01
9.534158582166135654e-01
9.534144601470074809e-01
9.534132518549973678e-01
9.534120325993256095e-01
9.534107050980259457e-01
9.534094748786924312e-01
9.534081364137311221e-01
9.534069171580592528e-01
9.534056979023874945e-01
9.534044080784092046e-01
9.534031888227374463e-01
9.534018989987591564e-01
9.534007283840704172e-01
9.533994495237537725e-01
9.533982193044202580e-01
9.533968698757971927e-01
9.533956396564637892e-01
9.533944094371302747e-01
9.533931196131519847e-01
9.533919380348014894e-01
9.533907187791297311e-01
9.533894666324728151e-01
9.533881281675113950e-01
9.533869356254992544e-01
9.533857054061658509e-01
9.533844642231705802e-01
9.533832449674988219e-01
9.533819332161971305e-01
9.533806920332018597e-01
9.533795104548514754e-01
9.533782692718562046e-01
9.533769684842162695e-01
9.533757869058657741e-01
9.533745347592088581e-01
9.533732935762136984e-01
9.533720523932184276e-01
9.533708598512062871e-01
9.533696077045493711e-01
9.533682849895860345e-01
9.533672226205250899e-01
9.533659108692233985e-01
9.533646696862282388e-01
9.533634661805543420e-01
9.533622736385422014e-01
9.533610214918852854e-01
9.533596987769219488e-01
9.533585548758928274e-01
9.533573136928976677e-01
9.533561101872237709e-01
9.533549176452116303e-01
9.533536545348929581e-01
9.533523427835912667e-01
9.533511879189005001e-01
9.533499953768883595e-01
9.533487322665697983e-01
9.533475883655406768e-01
9.533463738962051348e-01
9.533451217495482188e-01
9.533439559211956960e-01
9.533426928108771348e-01
9.533414893052032379e-01
9.533402638722060507e-01
9.533391199711769293e-01
9.533377972562135927e-01
9.533366910325058452e-01
9.533354169585255278e-01
9.533342024891899857e-01
9.533331181928056397e-01
9.533317735505189017e-01
9.533306186858280240e-01
9.533295124621203875e-01
9.533281787834952947e-01
9.533270348824661733e-01
9.533257984858072298e-01
9.533245840164716878e-01
9.533234181881191649e-01
9.533223229280731736e-01
9.533209782857863246e-01
9.533198124574339127e-01
9.533186952700645200e-01
9.533174211960840916e-01
9.533161847994251481e-01
9.533150895393791568e-01
9.533139237110266340e-01
9.533125790687398959e-01
9.533114509177087470e-01
9.533102850893562241e-01
9.533091082973420560e-01
9.533078719006831125e-01
9.533066951086689444e-01
9.533055292803164216e-01
9.533042928836574781e-01
9.533031160916433100e-01
9.533019283359673857e-01
9.533007515439532176e-01
9.532996343565838249e-01
9.532984466009079005e-01
9.532971992405872008e-01
9.532960820532178081e-01
9.532948833338802386e-01
9.532937065418660705e-01
9.532925893544965668e-01
9.532914015988207534e-01
9.532902028794830729e-01
9.532890370511306610e-01
9.532878273681313352e-01
9.532866615397788124e-01
9.532854032157964674e-01
9.532843237057484487e-01
9.532831359500725243e-01
9.532819481943966000e-01
9.532807385113972742e-01
9.532795507557214609e-01
9.532784822093350874e-01
9.532772725263357616e-01
9.532760847706598373e-01
9.532749456559670431e-01
9.532737359729677173e-01
9.532725968582749232e-01
9.532714091025989989e-01
9.532703295925509801e-01
9.532691795141964297e-01
9.532679807948588602e-01
9.532668416801660660e-01
9.532656319971667402e-01
9.532645524871187215e-01
9.532633318404576395e-01
9.532621331211200699e-01
9.532611022520550703e-01
9.532599035327175008e-01
9.532587424907013052e-01
9.532575437713636246e-01
9.532564532976538496e-01
9.532552216873311224e-01
9.532540716089766830e-01
9.532529920989285532e-01
9.532518310569123576e-01
9.532506590512344058e-01
9.532494493682350800e-01
9.532483588945253050e-01
9.532472088161708657e-01
9.532459881695097836e-01
9.532449463367831388e-01
9.532437256901220568e-01
9.532426728937337668e-01
9.532414632107344410e-01
9.532404104143460399e-01
9.532391788040233127e-01
9.532380287256687623e-01
9.532369649656187161e-01
9.532358039236024094e-01
9.532346428815862138e-01
9.532335304805530374e-01
9.532323584748750855e-01
9.532312460738419091e-01
9.532301336728087326e-01
9.532290322354373124e-01
9.532278492660977154e-01
9.532266772604197635e-01
9.532255648593865871e-01
9.532244524583534107e-01
9.532233400573202342e-01
9.532221680516422824e-01
9.532211152552538813e-01
9.532199322859142843e-01
9.532188089212193516e-01
9.532176855565245299e-01
9.532165621918295972e-01
9.532153792224900002e-01
9.532143264261015991e-01
9.532132030614066664e-01
9.532120796967118448e-01
9.532109453683552669e-01
9.532098220036604452e-01
9.532086986389655126e-01
9.532076239152537100e-01
9.532064409459141130e-01
9.532053771858639557e-01
9.532042318938457326e-01
9.532031085291507999e-01
9.532019632371325768e-01
9.532008994770824195e-01
9.531997055440810662e-01
9.531986904250140391e-01
9.531976266649639928e-01
9.531964327319626396e-01
9.531953470445890808e-01
9.531942127162325029e-01
9.531930783878759250e-01
9.531919330958577019e-01
9.531908474084841432e-01
9.531897836484340969e-01
9.531886273927541176e-01
9.531875417053805588e-01
9.531864779453305125e-01
9.531853812942951976e-01
9.531842250386152182e-01
9.531830797465969951e-01
9.531820050228851926e-01
9.531809679764947640e-01
9.531798117208147847e-01
9.531787966017477576e-01
9.531777109143741988e-01
9.531766142633389949e-01
9.531754799349824170e-01
9.531743723202854568e-01
9.531732160646054774e-01
9.531722009455384503e-01
9.531711042945032464e-01
9.531700562844511726e-01
9.531689000287710822e-01
9.531678033777359893e-01
9.531667663313454497e-01
9.531657183212933759e-01
9.531645620656133966e-01
9.531634654145781926e-01
9.531624393318494093e-01
9.531612721125076737e-01
9.531602241024555999e-01
9.531591274514203960e-01
9.531580794413682112e-01
9.531569718266712510e-01
9.531558642119744018e-01
9.531548867702287486e-01
9.531537791555317884e-01
9.531526119361901639e-01
9.531515639261379791e-01
9.531504563114410189e-01
9.531494459787102080e-01
9.531482301183854533e-01
9.531472307493163987e-01
9.531461827392643249e-01
9.531451237655503839e-01
9.531440051871917785e-01
9.531430167817844801e-01
9.531418385987810993e-01
9.531407796250671582e-01
